JOB 
RESULT_FILE ".\Crusher PBM TM_res.dflw"
MATERIALS_DATABASE "C:\Program Files\Dyssol\Materials.dmdb"
MODELS_PATH "C:\Program Files\Dyssol\Units"
MODELS_PATH "C:\Program Files\Dyssol\Solvers"
SIMULATION_TIME 200
RELATIVE_TOLERANCE 0.001
ABSOLUTE_TOLERANCE 1e-06
MINIMAL_FRACTION 1e-09
SAVE_TIME_STEP_HINT 0
SAVE_FLAG_FOR_HOLDUPS YES
THERMO_TEMPERATURE_MIN 173
THERMO_TEMPERATURE_MAX 1273
THERMO_TEMPERATURE_INTERVALS 100
INIT_TIME_WINDOW 1
MIN_TIME_WINDOW 1e-09
MAX_TIME_WINDOW 1.79769e+308
MAX_ITERATIONS_NUMBER 500
WINDOW_CHANGE_RATE 1.2
ITERATIONS_UPPER_LIMIT 7
ITERATIONS_LOWER_LIMIT 3
ITERATIONS_UPPER_LIMIT_1ST 20
CONVERGENCE_METHOD WEGSTEIN
RELAXATION_PARAMETER 1
ACCELERATION_LIMIT -0.5
EXTRAPOLATION_METHOD CUBIC_SPLINE
COMPOUNDS "Sand" 
PHASES "Solids" SOLID 
KEEP_EXISTING_GRIDS_VALUES NO
DISTRIBUTION_GRID "GLOBAL" SIZE NUMERIC MANUAL DIAMETER 300 0 0.0001 0.0002 0.0003 0.0004 0.0005 0.0006 0.0007 0.0008 0.0009 0.001 0.0011 0.0012 0.0013 0.0014 0.0015 0.0016 0.0017 0.0018 0.0019 0.002 0.0021 0.0022 0.0023 0.0024 0.0025 0.0026 0.0027 0.0028 0.0029 0.003 0.0031 0.0032 0.0033 0.0034 0.0035 0.0036 0.0037 0.0038 0.0039 0.004 0.0041 0.0042 0.0043 0.0044 0.0045 0.0046 0.0047 0.0048 0.0049 0.005 0.0051 0.0052 0.0053 0.0054 0.0055 0.0056 0.0057 0.0058 0.0059 0.006 0.0061 0.0062 0.0063 0.0064 0.0065 0.0066 0.0067 0.0068 0.0069 0.007 0.0071 0.0072 0.0073 0.0074 0.0075 0.0076 0.0077 0.0078 0.0079 0.008 0.0081 0.0082 0.0083 0.0084 0.0085 0.0086 0.0087 0.0088 0.0089 0.009 0.0091 0.0092 0.0093 0.0094 0.0095 0.0096 0.0097 0.0098 0.0099 0.01 0.0101 0.0102 0.0103 0.0104 0.0105 0.0106 0.0107 0.0108 0.0109 0.011 0.0111 0.0112 0.0113 0.0114 0.0115 0.0116 0.0117 0.0118 0.0119 0.012 0.0121 0.0122 0.0123 0.0124 0.0125 0.0126 0.0127 0.0128 0.0129 0.013 0.0131 0.0132 0.0133 0.0134 0.0135 0.0136 0.0137 0.0138 0.0139 0.014 0.0141 0.0142 0.0143 0.0144 0.0145 0.0146 0.0147 0.0148 0.0149 0.015 0.0151 0.0152 0.0153 0.0154 0.0155 0.0156 0.0157 0.0158 0.0159 0.016 0.0161 0.0162 0.0163 0.0164 0.0165 0.0166 0.0167 0.0168 0.0169 0.017 0.0171 0.0172 0.0173 0.0174 0.0175 0.0176 0.0177 0.0178 0.0179 0.018 0.0181 0.0182 0.0183 0.0184 0.0185 0.0186 0.0187 0.0188 0.0189 0.019 0.0191 0.0192 0.0193 0.0194 0.0195 0.0196 0.0197 0.0198 0.0199 0.02 0.0201 0.0202 0.0203 0.0204 0.0205 0.0206 0.0207 0.0208 0.0209 0.021 0.0211 0.0212 0.0213 0.0214 0.0215 0.0216 0.0217 0.0218 0.0219 0.022 0.0221 0.0222 0.0223 0.0224 0.0225 0.0226 0.0227 0.0228 0.0229 0.023 0.0231 0.0232 0.0233 0.0234 0.0235 0.0236 0.0237 0.0238 0.0239 0.024 0.0241 0.0242 0.0243 0.0244 0.0245 0.0246 0.0247 0.0248 0.0249 0.025 0.0251 0.0252 0.0253 0.0254 0.0255 0.0256 0.0257 0.0258 0.0259 0.026 0.0261 0.0262 0.0263 0.0264 0.0265 0.0266 0.0267 0.0268 0.0269 0.027 0.0271 0.0272 0.0273 0.0274 0.0275 0.0276 0.0277 0.0278 0.0279 0.028 0.0281 0.0282 0.0283 0.0284 0.0285 0.0286 0.0287 0.0288 0.0289 0.029 0.0291 0.0292 0.0293 0.0294 0.0295 0.0296 0.0297 0.0298 0.0299 0.03
KEEP_EXISTING_UNITS NO
UNIT "In" "InletFlow" 
UNIT "Crusher" "Crusher PBM TM" 
UNIT "Out" "OutletFlow" 
KEEP_EXISTING_STREAMS NO
STREAM "In" "In" "InletMaterial" "Crusher" "Input"
STREAM "Out" "Crusher" "Output" "Out" "In"
UNIT_PARAMETER "Crusher" "Selection" 0
UNIT_PARAMETER "Crusher" "Breakage" 0
UNIT_PARAMETER "Crusher" "S_scale" 1
UNIT_PARAMETER "Crusher" "S1" 0.1
UNIT_PARAMETER "Crusher" "S2" 3
UNIT_PARAMETER "Crusher" "S3" 3
UNIT_PARAMETER "Crusher" "B1" 15
UNIT_PARAMETER "Crusher" "B2" 5
UNIT_PARAMETER "Crusher" "B3" 5
UNIT_PARAMETER "Crusher" "dt_min" 0
UNIT_PARAMETER "Crusher" "dt_max" 1
UNIT_PARAMETER "Crusher" "Method" 1
KEEP_EXISTING_HOLDUPS_VALUES NO
HOLDUP_OVERALL "In" "InputMaterial" 0 20 300 100000
HOLDUP_OVERALL "Crusher" "Holdup" 0 300 300 100000
HOLDUP_PHASES "In" "InputMaterial" 0 1
HOLDUP_PHASES "Crusher" "Holdup" 0 1
HOLDUP_COMPOUNDS "In" "InputMaterial" SOLID 0 1
HOLDUP_COMPOUNDS "Crusher" "Holdup" SOLID 0 1
HOLDUP_DISTRIBUTION "In" "InputMaterial" SIZE "Sand" MASS_FRACTION DIAMETER MANUAL 0 0 0 0 0 0 0 0 0 0 0 0 0 0 0 0 0 0 0 0 0 0 0 0 0 0 0 0 0 0 0 0 0 0 0 0 0 0 0 0 0 0 0 0 0 0 0 0 0 0 0 0 0 0 0 0 0 0 0 0 0 0 0 0 0 0 0 0 0 0 0 0 0 0 0 0 0 0 0 0 0 0 0 0 0 0 0 0 0 0 0 0 0 0 0 0 0 0 0 0 0 0 0 0 0 0 0 0 0 0 0 0 0 0 0 0 0 0 0 0 0 0 0 0 0 0 0 0 0 0 0 0 0 1.08588e-09 1.59848e-09 2.34264e-09 3.418e-09 4.96488e-09 7.17984e-09 1.03369e-08 1.48162e-08 2.11423e-08 3.00357e-08 4.24809e-08 5.98162e-08 8.38521e-08 1.17025e-07 1.62597e-07 2.24915e-07 3.09736e-07 4.24655e-07 5.79629e-07 7.87651e-07 1.06558e-06 1.43519e-06 1.92444e-06 2.56901e-06 3.41428e-06 4.51753e-06 5.95078e-06 7.80397e-06 1.01889e-05 1.32437e-05 1.7138e-05 2.20791e-05 2.83187e-05 3.61605e-05 4.5969e-05 5.81788e-05 7.33053e-05 9.1955e-05 0.000114838 0.000142779 0.000176732 0.000217788 0.000267192 0.000326349 0.000396836 0.000480407 0.000578998 0.000694729 0.000829895 0.000986963 0.00116855 0.00137742 0.00161642 0.00188847 0.00219653 0.00254351 0.00293224 0.00336539 0.0038454 0.00437439 0.00495408 0.00558571 0.00626994 0.00700678 0.00779548 0.00863451 0.00952142 0.0104529 0.0114246 0.0124312 0.0134666 0.0145235 0.0155939 0.0166689 0.017739 0.0187941 0.0198237 0.0208169 0.021763 0.0226512 0.023471 0.0242127 0.0248671 0.0254259 0.0258819 0.0262293 0.0264635 0.0265814 0.0265814 0.0264635 0.0262293 0.0258819 0.0254259 0.0248671 0.0242127 0.023471 0.0226512 0.021763 0.0208169 0.0198237 0.0187941 0.017739 0.0166689 0.0155939 0.0145235 0.0134666 0.0124312 0.0114246 0.0104529 0.00952142 0.00863451 0.00779548 0.00700678 0.00626994 0.00558571 0.00495408 0.00437439 0.0038454 0.00336539 0.00293224 0.00254351 0.00219653 0.00188847 0.00161642 0.00137742 0.00116855 0.000986963 0.000829895 0.000694729 0.000578998 0.000480407 0.000396836 0.000326349 0.000267192 0.000217788 0.000176732 0.000142779 0.000114838 9.1955e-05 7.33053e-05 5.81788e-05 4.5969e-05 3.61605e-05 2.83187e-05 2.20791e-05 1.7138e-05 1.32437e-05 1.01889e-05 7.80397e-06 5.95078e-06 4.51753e-06 3.41428e-06 2.56901e-06 1.92444e-06 1.43519e-06 1.06558e-06 7.87651e-07 5.79629e-07 4.24655e-07 3.09736e-07 2.24915e-07 1.62597e-07 1.17025e-07 8.38521e-08 5.98162e-08 4.24809e-08 3.00357e-08 2.11423e-08
HOLDUP_DISTRIBUTION "Crusher" "Holdup" SIZE "Sand" MASS_FRACTION DIAMETER MANUAL 0 0 0 0 0 0 0 0 0 0 0 0 0 0 0 0 0 0 0 0 0 0 0 0 0 0 0 0 0 1.06547e-09 1.28842e-09 1.5563e-09 1.87777e-09 2.26314e-09 2.72457e-09 3.27643e-09 3.93569e-09 4.72236e-09 5.65998e-09 6.77622e-09 8.1036e-09 9.68024e-09 1.15508e-08 1.37675e-08 1.63913e-08 1.94936e-08 2.31573e-08 2.74789e-08 3.25709e-08 3.85636e-08 4.56082e-08 5.38797e-08 6.35806e-08 7.49449e-08 8.82423e-08 1.03784e-07 1.21927e-07 1.43082e-07 1.67722e-07 1.96387e-07 2.29695e-07 2.68354e-07 3.13172e-07 3.65069e-07 4.25093e-07 4.94437e-07 5.74454e-07 6.66679e-07 7.72851e-07 8.94937e-07 1.03516e-06 1.19602e-06 1.38034e-06 1.5913e-06 1.83247e-06 2.10784e-06 2.4219e-06 2.77967e-06 3.18674e-06 3.64937e-06 4.17451e-06 4.76993e-06 5.44421e-06 6.20692e-06 7.06862e-06 8.041e-06 9.13699e-06 1.03708e-05 1.17582e-05 1.33164e-05 1.50644e-05 1.70228e-05 1.92145e-05 2.16643e-05 2.43993e-05 2.7449e-05 3.08457e-05 3.46242e-05 3.88224e-05 4.34813e-05 4.86452e-05 5.4362e-05 6.06831e-05 6.7664e-05 7.53641e-05 8.38474e-05 9.31819e-05 0.000103441 0.000114701 0.000127047 0.000140564 0.000155348 0.000171495 0.00018911 0.000208304 0.000229191 0.000251891 0.000276533 0.000303249 0.000332176 0.000363458 0.000397245 0.000433691 0.000472954 0.000515199 0.000560595 0.000609313 0.000661529 0.000717422 0.000777174 0.000840968 0.000908987 0.000981418 0.00105844 0.00114024 0.001227 0.0013189 0.0014161 0.00151878 0.0016271 0.0017412 0.00186124 0.00198734 0.00211963 0.00225822 0.00240319 0.00255464 0.0027126 0.00287714 0.00304828 0.003226 0.00341029 0.00360111 0.00379839 0.00400202 0.00421188 0.00442783 0.00464968 0.00487722 0.00511022 0.0053484 0.00559147 0.0058391 0.00609091 0.00634654 0.00660554 0.00686749 0.00713189 0.00739824 0.00766603 0.00793468 0.00820362 0.00847227 0.00873999 0.00900617 0.00927014 0.00953125 0.00978884 0.0100422 0.0102907 0.0105337 0.0107704 0.0110002 0.0112224 0.0114364 0.0116415 0.0118371 0.0120227 0.0121976 0.0123614 0.0125134 0.0126532 0.0127804 0.0128945 0.0129951 0.0130821 0.013155 0.0132135 0.0132577 0.0132872 0.0133019 0.0133019 0.0132872 0.0132577 0.0132135 0.013155 0.0130821 0.0129951 0.0128945 0.0127804 0.0126532 0.0125134 0.0123614 0.0121976 0.0120227 0.0118371 0.0116415 0.0114364 0.0112224 0.0110002 0.0107704 0.0105337 0.0102907 0.0100422 0.00978884 0.00953125 0.00927014 0.00900617 0.00873999 0.00847227 0.00820362 0.00793468 0.00766603 0.00739824 0.00713189 0.00686749 0.00660554 0.00634654 0.00609091 0.0058391 0.00559147 0.0053484 0.00511022 0.00487722 0.00464968 0.00442783 0.00421188 0.00400202 0.00379839 0.00360111 0.00341029 0.003226 0.00304828 0.00287714 0.0027126 0.00255464 0.00240319 0.00225822 0.00211963 0.00198734 0.00186124 0.0017412 0.0016271 0.00151878 0.0014161 0.0013189 0.001227 0.00114024 0.00105844 0.000981418 0.000908987 0.000840968 0.000777174 0.000717422 0.000661529 0.000609313 0.000560595 0.000515199 0.000472954 0.000433691 0.000397245 0.000363458 0.000332176 0.000303249 0.000276533 0.000251891 0.000229191 0.000208304 0.00018911 0.000171495 0.000155348 0.000140564 0.000127047 0.000114701 0.000103441 9.31819e-05 8.38474e-05 7.53641e-05 6.7664e-05 6.06831e-05 5.4362e-05
