JOB 
RESULT_FILE ".\Mixer_res.dflw"
MATERIALS_DATABASE "C:\Program Files\Dyssol\Materials.dmdb"
MODELS_PATH "C:\Program Files\Dyssol\Units"
MODELS_PATH "C:\Program Files\Dyssol\Solvers"
SIMULATION_TIME 60
RELATIVE_TOLERANCE 0.001
ABSOLUTE_TOLERANCE 1e-06
MINIMAL_FRACTION 1e-09
SAVE_TIME_STEP_HINT 0
SAVE_FLAG_FOR_HOLDUPS YES
THERMO_TEMPERATURE_MIN 173
THERMO_TEMPERATURE_MAX 1273
THERMO_TEMPERATURE_INTERVALS 100
INIT_TIME_WINDOW 1
MIN_TIME_WINDOW 1e-09
MAX_TIME_WINDOW 1.79769e+308
MAX_ITERATIONS_NUMBER 500
WINDOW_CHANGE_RATE 1.2
ITERATIONS_UPPER_LIMIT 7
ITERATIONS_LOWER_LIMIT 3
ITERATIONS_UPPER_LIMIT_1ST 20
CONVERGENCE_METHOD WEGSTEIN
RELAXATION_PARAMETER 1
ACCELERATION_LIMIT -0.5
EXTRAPOLATION_METHOD CUBIC_SPLINE
COMPOUNDS "Sand" 
PHASES "Solids" SOLID 
KEEP_EXISTING_GRIDS_VALUES NO
DISTRIBUTION_GRID "GLOBAL" SIZE NUMERIC MANUAL DIAMETER 300 0 0.0001 0.0002 0.0003 0.0004 0.0005 0.0006 0.0007 0.0008 0.0009 0.001 0.0011 0.0012 0.0013 0.0014 0.0015 0.0016 0.0017 0.0018 0.0019 0.002 0.0021 0.0022 0.0023 0.0024 0.0025 0.0026 0.0027 0.0028 0.0029 0.003 0.0031 0.0032 0.0033 0.0034 0.0035 0.0036 0.0037 0.0038 0.0039 0.004 0.0041 0.0042 0.0043 0.0044 0.0045 0.0046 0.0047 0.0048 0.0049 0.005 0.0051 0.0052 0.0053 0.0054 0.0055 0.0056 0.0057 0.0058 0.0059 0.006 0.0061 0.0062 0.0063 0.0064 0.0065 0.0066 0.0067 0.0068 0.0069 0.007 0.0071 0.0072 0.0073 0.0074 0.0075 0.0076 0.0077 0.0078 0.0079 0.008 0.0081 0.0082 0.0083 0.0084 0.0085 0.0086 0.0087 0.0088 0.0089 0.009 0.0091 0.0092 0.0093 0.0094 0.0095 0.0096 0.0097 0.0098 0.0099 0.01 0.0101 0.0102 0.0103 0.0104 0.0105 0.0106 0.0107 0.0108 0.0109 0.011 0.0111 0.0112 0.0113 0.0114 0.0115 0.0116 0.0117 0.0118 0.0119 0.012 0.0121 0.0122 0.0123 0.0124 0.0125 0.0126 0.0127 0.0128 0.0129 0.013 0.0131 0.0132 0.0133 0.0134 0.0135 0.0136 0.0137 0.0138 0.0139 0.014 0.0141 0.0142 0.0143 0.0144 0.0145 0.0146 0.0147 0.0148 0.0149 0.015 0.0151 0.0152 0.0153 0.0154 0.0155 0.0156 0.0157 0.0158 0.0159 0.016 0.0161 0.0162 0.0163 0.0164 0.0165 0.0166 0.0167 0.0168 0.0169 0.017 0.0171 0.0172 0.0173 0.0174 0.0175 0.0176 0.0177 0.0178 0.0179 0.018 0.0181 0.0182 0.0183 0.0184 0.0185 0.0186 0.0187 0.0188 0.0189 0.019 0.0191 0.0192 0.0193 0.0194 0.0195 0.0196 0.0197 0.0198 0.0199 0.02 0.0201 0.0202 0.0203 0.0204 0.0205 0.0206 0.0207 0.0208 0.0209 0.021 0.0211 0.0212 0.0213 0.0214 0.0215 0.0216 0.0217 0.0218 0.0219 0.022 0.0221 0.0222 0.0223 0.0224 0.0225 0.0226 0.0227 0.0228 0.0229 0.023 0.0231 0.0232 0.0233 0.0234 0.0235 0.0236 0.0237 0.0238 0.0239 0.024 0.0241 0.0242 0.0243 0.0244 0.0245 0.0246 0.0247 0.0248 0.0249 0.025 0.0251 0.0252 0.0253 0.0254 0.0255 0.0256 0.0257 0.0258 0.0259 0.026 0.0261 0.0262 0.0263 0.0264 0.0265 0.0266 0.0267 0.0268 0.0269 0.027 0.0271 0.0272 0.0273 0.0274 0.0275 0.0276 0.0277 0.0278 0.0279 0.028 0.0281 0.0282 0.0283 0.0284 0.0285 0.0286 0.0287 0.0288 0.0289 0.029 0.0291 0.0292 0.0293 0.0294 0.0295 0.0296 0.0297 0.0298 0.0299 0.03
KEEP_EXISTING_UNITS NO
UNIT "Input1" "InletFlow" 
UNIT "Input2" "InletFlow" 
UNIT "Mixer" "Mixer" 
UNIT "Output" "OutletFlow" 
KEEP_EXISTING_STREAMS NO
STREAM "In1" "Input1" "InletMaterial" "Mixer" "In1"
STREAM "In2" "Input2" "InletMaterial" "Mixer" "In2"
STREAM "Out" "Mixer" "Out" "Output" "In"
KEEP_EXISTING_HOLDUPS_VALUES NO
HOLDUP_OVERALL "Input1" "InputMaterial" 0 10 300 100000 60 7.5 300 100000
HOLDUP_OVERALL "Input2" "InputMaterial" 0 5 400 100000 60 10 400 100000
HOLDUP_PHASES "Input1" "InputMaterial" 0 1 60 1
HOLDUP_PHASES "Input2" "InputMaterial" 0 1 60 1
HOLDUP_COMPOUNDS "Input1" "InputMaterial" SOLID 0 1 60 1
HOLDUP_COMPOUNDS "Input2" "InputMaterial" SOLID 0 1 60 1
HOLDUP_DISTRIBUTION "Input1" "InputMaterial" SIZE "Sand" MASS_FRACTION DIAMETER MANUAL 0 0 0 0 0 0 0 0 0 0 0 0 0 0 0 0 0 0 0 0 0 0 0 0 0 0 0 0 0 0 0 0 0 0 0 0 0 0 0 0 0 0 0 0 0 0 0 0 0 0 0 0 0 0 0 0 0 0 0 0 0 0 0 0 0 0 0 0 0 0 0 0 0 0 0 0 0 0 0 0 0 0 0 0 0 0 0 0 0 0 0 0 0 0 0 0 0 0 0 0 0 0 0 0 0 2.68049e-09 8.49378e-09 2.58592e-08 7.56412e-08 2.12583e-07 5.74022e-07 1.48921e-06 3.71203e-06 8.88987e-06 2.04554e-05 4.52218e-05 9.60541e-05 0.000196026 0.00038436 0.000724087 0.00131061 0.0022792 0.0038082 0.00611344 0.00942931 0.0139734 0.0198954 0.0272165 0.0357717 0.0451726 0.0548073 0.0638896 0.0715567 0.0770014 0.0796113 0.0790824 0.0754766 0.0692108 0.0609766 0.0516156 0.0419785 0.032802 0.0246265 0.0177637 0.012311 0.00819745 0.00524438 0.00322357 0.00190375 0.00108021 0.000588893 0.000308456 0.000155231 7.50568e-05 3.48683e-05 1.55632e-05 6.67417e-06 2.74994e-06 1.08862e-06 4.14056e-07 1.5131e-07 5.3126e-08 1.79215e-08 5.80857e-09 1.80881e-09 0 0 0 0 0 0 0 0 0 0 0 0 0 0 0 0 0 0 0 0 0 0 0 0 0 0 0 0 0 0 0 0 0 0 0 0 0 0 0 0 0 0 0 0 0 0 0 0 0 0 0 0 0 0 0 0 0 0 0 0 0 0 0 0 0 0 0 0 0 0 0 0 0 0 0 0 0 0 0 0 0 0 0 0 0 0 0 0 0 0 0 0 0 0 0 0 0 0 0 0 0 0 0 0 0 0 0 0 0 0 0 0 0 0 0 0 0 0 0 0 0 0 0 0 0 0 0 0 0 0 0 0 0 0 0 0 60 0 0 0 0 0 0 0 0 0 0 0 0 0 0 0 0 0 0 0 0 0 0 0 0 0 0 0 0 0 0 0 0 0 0 0 0 0 0 0 0 0 0 0 0 0 0 0 0 0 0 0 0 0 0 0 0 0 0 0 0 0 0 0 0 0 0 0 0 0 0 0 0 0 0 0 0 0 0 0 0 0 0 0 0 0 0 0 0 0 0 0 0 0 0 0 0 0 0 0 0 0 0 0 0 2.68049e-09 8.49378e-09 2.58592e-08 7.56412e-08 2.12583e-07 5.74022e-07 1.48921e-06 3.71203e-06 8.88987e-06 2.04554e-05 4.52218e-05 9.60541e-05 0.000196026 0.00038436 0.000724087 0.00131061 0.0022792 0.0038082 0.00611344 0.00942931 0.0139734 0.0198954 0.0272165 0.0357717 0.0451726 0.0548073 0.0638896 0.0715567 0.0770014 0.0796113 0.0790824 0.0754766 0.0692108 0.0609766 0.0516156 0.0419785 0.032802 0.0246265 0.0177637 0.012311 0.00819745 0.00524438 0.00322357 0.00190375 0.00108021 0.000588893 0.000308456 0.000155231 7.50568e-05 3.48683e-05 1.55632e-05 6.67417e-06 2.74994e-06 1.08862e-06 4.14056e-07 1.5131e-07 5.3126e-08 1.79215e-08 5.80857e-09 1.80881e-09 0 0 0 0 0 0 0 0 0 0 0 0 0 0 0 0 0 0 0 0 0 0 0 0 0 0 0 0 0 0 0 0 0 0 0 0 0 0 0 0 0 0 0 0 0 0 0 0 0 0 0 0 0 0 0 0 0 0 0 0 0 0 0 0 0 0 0 0 0 0 0 0 0 0 0 0 0 0 0 0 0 0 0 0 0 0 0 0 0 0 0 0 0 0 0 0 0 0 0 0 0 0 0 0 0 0 0 0 0 0 0 0 0 0 0 0 0 0 0 0 0 0 0 0 0 0 0 0 0 0 0 0 0 0 0 0
HOLDUP_DISTRIBUTION "Input2" "InputMaterial" SIZE "Sand" MASS_FRACTION DIAMETER MANUAL 0 0 0 0 0 0 0 0 0 0 0 0 0 0 0 0 0 0 0 0 0 0 0 0 0 0 0 0 0 0 0 0 0 0 0 0 0 0 0 0 0 0 0 0 0 0 0 0 0 0 0 0 0 0 0 0 0 0 0 0 0 0 0 0 0 0 0 0 0 0 0 0 0 0 0 0 0 0 0 0 0 0 0 0 0 0 0 0 0 0 0 0 0 0 0 0 0 0 0 0 0 0 0 0 0 0 0 0 0 0 0 0 0 0 0 0 0 0 0 0 0 0 0 0 0 0 0 0 0 0 0 0 0 0 0 0 0 0 0 0 0 0 1.47771e-09 2.63924e-09 4.66689e-09 8.17019e-09 1.4161e-08 2.43004e-08 4.12847e-08 6.9442e-08 1.15641e-07 1.9066e-07 3.11218e-07 5.02951e-07 8.04718e-07 1.27473e-06 1.99918e-06 3.10414e-06 4.77186e-06 7.26259e-06 1.09434e-05 1.63256e-05 2.41127e-05 3.52596e-05 5.10465e-05 7.31664e-05 0.000103828 0.000145873 0.000202905 0.000279426 0.000380976 0.000514264 0.000687277 0.000909356 0.00119122 0.00154493 0.00198374 0.00252182 0.00317397 0.003955 0.0048792 0.00595947 0.00720649 0.00862773 0.0102265 0.0120009 0.0139431 0.0160383 0.0182649 0.0205936 0.0229882 0.0254059 0.0277985 0.0301137 0.0322972 0.0342944 0.0360527 0.037524 0.0386668 0.0394479 0.0398444 0.0398444 0.0394479 0.0386668 0.037524 0.0360527 0.0342944 0.0322972 0.0301137 0.0277985 0.0254059 0.0229882 0.0205936 0.0182649 0.0160383 0.0139431 0.0120009 0.0102265 0.00862773 0.00720649 0.00595947 0.0048792 0.003955 0.00317397 0.00252182 0.00198374 0.00154493 0.00119122 0.000909356 0.000687277 0.000514264 0.000380976 0.000279426 0.000202905 0.000145873 0.000103828 7.31664e-05 5.10465e-05 3.52596e-05 2.41127e-05 1.63256e-05 1.09434e-05 7.26259e-06 4.77186e-06 3.10414e-06 1.99918e-06 1.27473e-06 8.04718e-07 5.02951e-07 3.11218e-07 1.9066e-07 1.15641e-07 6.9442e-08 4.12847e-08 2.43004e-08 1.4161e-08 8.17019e-09 4.66689e-09 2.63924e-09 1.47771e-09 0 0 0 0 0 0 0 0 0 0 0 0 0 0 0 0 0 0 0 0 0 0 0 0 0 0 0 0 0 0 0 0 0 0 0 0 0 0 0 0 0 60 0 0 0 0 0 0 0 0 0 0 0 0 0 0 0 0 0 0 0 0 0 0 0 0 0 0 0 0 0 0 0 0 0 0 0 0 0 0 0 0 0 0 0 0 0 0 0 0 0 0 0 0 0 0 0 0 0 0 0 0 0 0 0 0 0 0 0 0 0 0 0 0 0 0 0 0 0 0 0 0 0 0 0 0 0 0 0 0 0 0 0 0 0 0 0 0 0 0 0 0 0 0 0 0 0 0 0 0 0 0 0 0 0 0 0 0 0 0 0 0 0 0 0 0 0 0 0 0 0 0 0 0 0 0 0 0 0 0 0 0 0 1.47771e-09 2.63924e-09 4.66689e-09 8.17019e-09 1.4161e-08 2.43004e-08 4.12847e-08 6.9442e-08 1.15641e-07 1.9066e-07 3.11218e-07 5.02951e-07 8.04718e-07 1.27473e-06 1.99918e-06 3.10414e-06 4.77186e-06 7.26259e-06 1.09434e-05 1.63256e-05 2.41127e-05 3.52596e-05 5.10465e-05 7.31664e-05 0.000103828 0.000145873 0.000202905 0.000279426 0.000380976 0.000514264 0.000687277 0.000909356 0.00119122 0.00154493 0.00198374 0.00252182 0.00317397 0.003955 0.0048792 0.00595947 0.00720649 0.00862773 0.0102265 0.0120009 0.0139431 0.0160383 0.0182649 0.0205936 0.0229882 0.0254059 0.0277985 0.0301137 0.0322972 0.0342944 0.0360527 0.037524 0.0386668 0.0394479 0.0398444 0.0398444 0.0394479 0.0386668 0.037524 0.0360527 0.0342944 0.0322972 0.0301137 0.0277985 0.0254059 0.0229882 0.0205936 0.0182649 0.0160383 0.0139431 0.0120009 0.0102265 0.00862773 0.00720649 0.00595947 0.0048792 0.003955 0.00317397 0.00252182 0.00198374 0.00154493 0.00119122 0.000909356 0.000687277 0.000514264 0.000380976 0.000279426 0.000202905 0.000145873 0.000103828 7.31664e-05 5.10465e-05 3.52596e-05 2.41127e-05 1.63256e-05 1.09434e-05 7.26259e-06 4.77186e-06 3.10414e-06 1.99918e-06 1.27473e-06 8.04718e-07 5.02951e-07 3.11218e-07 1.9066e-07 1.15641e-07 6.9442e-08 4.12847e-08 2.43004e-08 1.4161e-08 8.17019e-09 4.66689e-09 2.63924e-09 1.47771e-09 0 0 0 0 0 0 0 0 0 0 0 0 0 0 0 0 0 0 0 0 0 0 0 0 0 0 0 0 0 0 0 0 0 0 0 0 0 0 0 0 0
