JOB 
RESULT_FILE ".\Screen Probability_res.dflw"
MATERIALS_DATABASE "C:\Program Files\Dyssol\Materials.dmdb"
MODELS_PATH "C:\Program Files\Dyssol\Units"
MODELS_PATH "C:\Program Files\Dyssol\Solvers"
SIMULATION_TIME 240
RELATIVE_TOLERANCE 0.001
ABSOLUTE_TOLERANCE 1e-06
MINIMAL_FRACTION 1e-09
SAVE_TIME_STEP_HINT 0
SAVE_FLAG_FOR_HOLDUPS YES
THERMO_TEMPERATURE_MIN 173
THERMO_TEMPERATURE_MAX 1273
THERMO_TEMPERATURE_INTERVALS 100
INIT_TIME_WINDOW 1
MIN_TIME_WINDOW 1e-09
MAX_TIME_WINDOW 1.79769e+308
MAX_ITERATIONS_NUMBER 500
WINDOW_CHANGE_RATE 1.2
ITERATIONS_UPPER_LIMIT 7
ITERATIONS_LOWER_LIMIT 3
ITERATIONS_UPPER_LIMIT_1ST 20
CONVERGENCE_METHOD WEGSTEIN
RELAXATION_PARAMETER 1
ACCELERATION_LIMIT -0.5
EXTRAPOLATION_METHOD CUBIC_SPLINE
COMPOUNDS "Sand" 
PHASES "Phase1" SOLID 
KEEP_EXISTING_GRIDS_VALUES NO
DISTRIBUTION_GRID "GLOBAL" SIZE NUMERIC MANUAL DIAMETER 300 0 1.33333e-05 2.66667e-05 4e-05 5.33333e-05 6.66667e-05 8e-05 9.33333e-05 0.000106667 0.00012 0.000133333 0.000146667 0.00016 0.000173333 0.000186667 0.0002 0.000213333 0.000226667 0.00024 0.000253333 0.000266667 0.00028 0.000293333 0.000306667 0.00032 0.000333333 0.000346667 0.00036 0.000373333 0.000386667 0.0004 0.000413333 0.000426667 0.00044 0.000453333 0.000466667 0.00048 0.000493333 0.000506667 0.00052 0.000533333 0.000546667 0.00056 0.000573333 0.000586667 0.0006 0.000613333 0.000626667 0.00064 0.000653333 0.000666667 0.00068 0.000693333 0.000706667 0.00072 0.000733333 0.000746667 0.00076 0.000773333 0.000786667 0.0008 0.000813333 0.000826667 0.00084 0.000853333 0.000866667 0.00088 0.000893333 0.000906667 0.00092 0.000933333 0.000946667 0.00096 0.000973333 0.000986667 0.001 0.00101333 0.00102667 0.00104 0.00105333 0.00106667 0.00108 0.00109333 0.00110667 0.00112 0.00113333 0.00114667 0.00116 0.00117333 0.00118667 0.0012 0.00121333 0.00122667 0.00124 0.00125333 0.00126667 0.00128 0.00129333 0.00130667 0.00132 0.00133333 0.00134667 0.00136 0.00137333 0.00138667 0.0014 0.00141333 0.00142667 0.00144 0.00145333 0.00146667 0.00148 0.00149333 0.00150667 0.00152 0.00153333 0.00154667 0.00156 0.00157333 0.00158667 0.0016 0.00161333 0.00162667 0.00164 0.00165333 0.00166667 0.00168 0.00169333 0.00170667 0.00172 0.00173333 0.00174667 0.00176 0.00177333 0.00178667 0.0018 0.00181333 0.00182667 0.00184 0.00185333 0.00186667 0.00188 0.00189333 0.00190667 0.00192 0.00193333 0.00194667 0.00196 0.00197333 0.00198667 0.002 0.00201333 0.00202667 0.00204 0.00205333 0.00206667 0.00208 0.00209333 0.00210667 0.00212 0.00213333 0.00214667 0.00216 0.00217333 0.00218667 0.0022 0.00221333 0.00222667 0.00224 0.00225333 0.00226667 0.00228 0.00229333 0.00230667 0.00232 0.00233333 0.00234667 0.00236 0.00237333 0.00238667 0.0024 0.00241333 0.00242667 0.00244 0.00245333 0.00246667 0.00248 0.00249333 0.00250667 0.00252 0.00253333 0.00254667 0.00256 0.00257333 0.00258667 0.0026 0.00261333 0.00262667 0.00264 0.00265333 0.00266667 0.00268 0.00269333 0.00270667 0.00272 0.00273333 0.00274667 0.00276 0.00277333 0.00278667 0.0028 0.00281333 0.00282667 0.00284 0.00285333 0.00286667 0.00288 0.00289333 0.00290667 0.00292 0.00293333 0.00294667 0.00296 0.00297333 0.00298667 0.003 0.00301333 0.00302667 0.00304 0.00305333 0.00306667 0.00308 0.00309333 0.00310667 0.00312 0.00313333 0.00314667 0.00316 0.00317333 0.00318667 0.0032 0.00321333 0.00322667 0.00324 0.00325333 0.00326667 0.00328 0.00329333 0.00330667 0.00332 0.00333333 0.00334667 0.00336 0.00337333 0.00338667 0.0034 0.00341333 0.00342667 0.00344 0.00345333 0.00346667 0.00348 0.00349333 0.00350667 0.00352 0.00353333 0.00354667 0.00356 0.00357333 0.00358667 0.0036 0.00361333 0.00362667 0.00364 0.00365333 0.00366667 0.00368 0.00369333 0.00370667 0.00372 0.00373333 0.00374667 0.00376 0.00377333 0.00378667 0.0038 0.00381333 0.00382667 0.00384 0.00385333 0.00386667 0.00388 0.00389333 0.00390667 0.00392 0.00393333 0.00394667 0.00396 0.00397333 0.00398667 0.004
KEEP_EXISTING_UNITS NO
UNIT "Inlet" "InletFlow" 
UNIT "Screen" "Screen" 
UNIT "OutletCoarse" "OutletFlow" 
UNIT "OutletFines" "OutletFlow" 
KEEP_EXISTING_STREAMS NO
STREAM "In" "Inlet" "InletMaterial" "Screen" "Input"
STREAM "Coarse" "Screen" "Coarse" "OutletCoarse" "In"
STREAM "Fines" "Screen" "Fine" "OutletFines" "In"
UNIT_PARAMETER "Screen" "Model" 3
UNIT_PARAMETER "Screen" "Xcut"  0 0.002
UNIT_PARAMETER "Screen" "Alpha"  0 8
UNIT_PARAMETER "Screen" "Beta"  0 0.5
UNIT_PARAMETER "Screen" "Offset"  0 0.2
UNIT_PARAMETER "Screen" "Mean"  0 0.0018
UNIT_PARAMETER "Screen" "Deviation"  0 0.0002
KEEP_EXISTING_HOLDUPS_VALUES NO
HOLDUP_OVERALL "Inlet" "InputMaterial" 0 10 300 100000
HOLDUP_PHASES "Inlet" "InputMaterial" 0 1
HOLDUP_COMPOUNDS "Inlet" "InputMaterial" SOLID 0 1
HOLDUP_DISTRIBUTION "Inlet" "InputMaterial" SIZE "Sand" MASS_FRACTION DIAMETER MANUAL 0 0 0 0 0 0 0 0 0 0 0 0 0 0 0 0 0 0 0 0 0 1.1361e-09 1.46582e-09 1.88751e-09 2.4257e-09 3.1112e-09 3.98255e-09 5.08788e-09 6.48716e-09 8.25494e-09 1.04837e-08 1.3288e-08 1.68091e-08 2.12214e-08 2.67389e-08 3.36245e-08 4.21999e-08 5.28576e-08 6.60764e-08 8.2438e-08 1.02648e-07 1.2756e-07 1.58206e-07 1.95827e-07 2.41916e-07 2.98262e-07 3.67007e-07 4.50705e-07 5.52398e-07 6.75701e-07 8.24895e-07 1.00504e-06 1.22212e-06 1.48315e-06 1.79638e-06 2.17147e-06 2.61969e-06 3.1542e-06 3.79028e-06 4.54564e-06 5.44077e-06 6.49933e-06 7.74851e-06 9.21957e-06 1.09483e-05 1.29754e-05 1.53476e-05 1.81176e-05 2.13454e-05 2.50985e-05 2.94534e-05 3.44957e-05 4.03215e-05 4.70381e-05 5.47653e-05 6.36361e-05 7.37978e-05 8.54132e-05 9.86619e-05 0.000113741 0.000130865 0.000150271 0.000172214 0.000196971 0.000224843 0.000256152 0.000291246 0.000330494 0.00037429 0.000423055 0.000477228 0.000537277 0.000603688 0.000676968 0.000757647 0.000846267 0.000943387 0.00104958 0.00116542 0.00129149 0.00142837 0.00157665 0.00173688 0.00190962 0.0020954 0.00229472 0.00250803 0.00273577 0.00297829 0.00323592 0.0035089 0.00379739 0.00410149 0.00442121 0.00475644 0.00510699 0.00547256 0.00585272 0.00624694 0.00665455 0.00707478 0.00750669 0.00794926 0.00840131 0.00886155 0.00932855 0.00980078 0.0102766 0.0107543 0.0112319 0.0117076 0.0121794 0.0126452 0.0131029 0.0135504 0.0139854 0.014406 0.01481 0.0151952 0.0155597 0.0159015 0.0162187 0.0165096 0.0167726 0.0170061 0.0172089 0.0173797 0.0175175 0.0176217 0.0176914 0.0177264 0.0177264 0.0176914 0.0176217 0.0175175 0.0173797 0.0172089 0.0170061 0.0167726 0.0165096 0.0162187 0.0159015 0.0155597 0.0151952 0.01481 0.014406 0.0139854 0.0135504 0.0131029 0.0126452 0.0121794 0.0117076 0.0112319 0.0107543 0.0102766 0.00980078 0.00932855 0.00886155 0.00840131 0.00794926 0.00750669 0.00707478 0.00665455 0.00624694 0.00585272 0.00547256 0.00510699 0.00475644 0.00442121 0.00410149 0.00379739 0.0035089 0.00323592 0.00297829 0.00273577 0.00250803 0.00229472 0.0020954 0.00190962 0.00173688 0.00157665 0.00142837 0.00129149 0.00116542 0.00104958 0.000943387 0.000846267 0.000757647 0.000676968 0.000603688 0.000537277 0.000477228 0.000423055 0.00037429 0.000330494 0.000291246 0.000256152 0.000224843 0.000196971 0.000172214 0.000150271 0.000130865 0.000113741 9.86619e-05 8.54132e-05 7.37978e-05 6.36361e-05 5.47653e-05 4.70381e-05 4.03215e-05 3.44957e-05 2.94534e-05 2.50985e-05 2.13454e-05 1.81176e-05 1.53476e-05 1.29754e-05 1.09483e-05 9.21957e-06 7.74851e-06 6.49933e-06 5.44077e-06 4.54564e-06 3.79028e-06 3.1542e-06 2.61969e-06 2.17147e-06 1.79638e-06 1.48315e-06 1.22212e-06 1.00504e-06 8.24895e-07 6.75701e-07 5.52398e-07 4.50705e-07 3.67007e-07 2.98262e-07 2.41916e-07 1.95827e-07 1.58206e-07 1.2756e-07 1.02648e-07 8.2438e-08 6.60764e-08 5.28576e-08 4.21999e-08 3.36245e-08 2.67389e-08 2.12214e-08 1.68091e-08 1.3288e-08 1.04837e-08 8.25494e-09 6.48716e-09 5.08788e-09 3.98255e-09 3.1112e-09 2.4257e-09 1.88751e-09 1.46582e-09 1.1361e-09 0 0 0 0 0 0 0 0 0 0 0 0 0 0 0 0 0 0 0 0
