JOB 
RESULT_FILE ".\Time Delay_res.dflw"
MATERIALS_DATABASE "C:\Program Files\Dyssol\Materials.dmdb"
MODELS_PATH "C:\Program Files\Dyssol\Units"
MODELS_PATH "C:\Program Files\Dyssol\Solvers"
SIMULATION_TIME 300
RELATIVE_TOLERANCE 0.001
ABSOLUTE_TOLERANCE 1e-06
MINIMAL_FRACTION 1e-09
SAVE_TIME_STEP_HINT 0
SAVE_FLAG_FOR_HOLDUPS YES
THERMO_TEMPERATURE_MIN 173
THERMO_TEMPERATURE_MAX 1273
THERMO_TEMPERATURE_INTERVALS 100
INIT_TIME_WINDOW 1
MIN_TIME_WINDOW 1e-09
MAX_TIME_WINDOW 1e+06
MAX_ITERATIONS_NUMBER 500
WINDOW_CHANGE_RATE 1.2
ITERATIONS_UPPER_LIMIT 7
ITERATIONS_LOWER_LIMIT 3
ITERATIONS_UPPER_LIMIT_1ST 20
CONVERGENCE_METHOD WEGSTEIN
RELAXATION_PARAMETER 1
ACCELERATION_LIMIT -0.5
EXTRAPOLATION_METHOD CUBIC_SPLINE
COMPOUNDS "Sand" "H2O" 
PHASES "Solid" SOLID "Liquid" LIQUID 
KEEP_EXISTING_GRIDS_VALUES NO
DISTRIBUTION_GRID "GLOBAL" SIZE NUMERIC MANUAL DIAMETER 100 1e-06 2.099e-05 4.098e-05 6.097e-05 8.096e-05 0.00010095 0.00012094 0.00014093 0.00016092 0.00018091 0.0002009 0.00022089 0.00024088 0.00026087 0.00028086 0.00030085 0.00032084 0.00034083 0.00036082 0.00038081 0.0004008 0.00042079 0.00044078 0.00046077 0.00048076 0.00050075 0.00052074 0.00054073 0.00056072 0.00058071 0.0006007 0.00062069 0.00064068 0.00066067 0.00068066 0.00070065 0.00072064 0.00074063 0.00076062 0.00078061 0.0008006 0.00082059 0.00084058 0.00086057 0.00088056 0.00090055 0.00092054 0.00094053 0.00096052 0.00098051 0.0010005 0.00102049 0.00104048 0.00106047 0.00108046 0.00110045 0.00112044 0.00114043 0.00116042 0.00118041 0.0012004 0.00122039 0.00124038 0.00126037 0.00128036 0.00130035 0.00132034 0.00134033 0.00136032 0.00138031 0.0014003 0.00142029 0.00144028 0.00146027 0.00148026 0.00150025 0.00152024 0.00154023 0.00156022 0.00158021 0.0016002 0.00162019 0.00164018 0.00166017 0.00168016 0.00170015 0.00172014 0.00174013 0.00176012 0.00178011 0.0018001 0.00182009 0.00184008 0.00186007 0.00188006 0.00190005 0.00192004 0.00194003 0.00196002 0.00198001 0.002
DISTRIBUTION_GRID "GLOBAL" PARTICLE_POROSITY NUMERIC MANUAL 4 0 0.25 0.5 0.75 1
KEEP_EXISTING_UNITS NO
UNIT "Inlet" "Inlet flow" 
UNIT "TimeDelay" "Time delay" 
UNIT "Outlet" "Outlet flow" 
KEEP_EXISTING_STREAMS NO
STREAM "In" "Inlet" "InletMaterial" "TimeDelay" "In"
STREAM "Out" "TimeDelay" "Out" "Outlet" "In"
UNIT_PARAMETER "TimeDelay" "Model" 5
UNIT_PARAMETER "TimeDelay" "Time delay" 5
UNIT_PARAMETER "TimeDelay" "Relative tolerance" 0
UNIT_PARAMETER "TimeDelay" "Absolute tolerance" 0
KEEP_EXISTING_HOLDUPS_VALUES NO
HOLDUP_OVERALL "Inlet" "InputMaterial" 0 10 300 100000 10 10 300 100000 20 20 400 100000 40 5 400 100000 60 60 400 100000 70 60 400 100000 80 60 400 100000 90 60 400 100000 100 60 400 100000 110 60 400 100000 120 60 400 100000 130 60 400 100000 140 60 400 100000 150 60 400 100000 160 60 400 100000 170 60 400 100000 180 60 400 100000 190 60 400 100000 200 60 400 100000 210 60 400 100000 220 60 400 100000 230 60 400 100000 240 60 400 100000 250 30 250 100000 260 50 350 100000 270 50 350 100000 280 50 350 100000 290 50 350 100000
HOLDUP_PHASES "Inlet" "InputMaterial" 0 1 0 10 1 0 20 1 0 40 1 0 60 1 0 70 1 0 80 1 0 90 1 0 100 1 0 110 0.25 0.75 120 0.3 0.7 130 0.7 0.3 140 0.5 0.5 150 0.5 0.5 160 0.5 0.5 170 0.5 0.5 180 0.5 0.5 190 0.5 0.5 200 0.5 0.5 210 0.5 0.5 220 0.5 0.5 230 0.5 0.5 240 0.5 0.5 250 0.3 0.7 260 0.6 0.4 270 0.6 0.4 280 0.6 0.4 290 0.6 0.4
HOLDUP_COMPOUNDS "Inlet" "InputMaterial" SOLID 0 1 0 10 1 0 20 1 0 40 1 0 60 1 0 70 1 0 80 1 0 90 1 0 100 1 0 110 1 0 120 1 0 130 1 0 140 1 0 150 1 0 160 1 0 170 1 0 180 1 0 190 1 0 200 0.25 0.75 210 0.3 0.7 220 0.5 0.5 230 0.6 0.4 240 0.2 0.8 250 0.5 0.5 260 0.7 0.3 270 0.7 0.3 280 0.7 0.3 290 0.7 0.3
HOLDUP_COMPOUNDS "Inlet" "InputMaterial" LIQUID 0 0 1 10 0 1 20 0 1 40 0 1 60 0 1 70 0 1 80 0 1 90 0 1 100 0 1 110 0 1 120 0 1 130 0 1 140 0 1 150 0.2 0.8 160 0.5 0.5 170 0.3 0.7 180 0.4 0.6 190 0.7 0.3 200 0.7 0.3 210 0.7 0.3 220 0.7 0.3 230 0.7 0.3 240 0.7 0.3 250 0.3 0.7 260 0.5 0.5 270 0.5 0.5 280 0.5 0.5 290 0.5 0.5
HOLDUP_DISTRIBUTION "Inlet" "InputMaterial" SIZE "Sand" MASS_FRACTION DIAMETER MANUAL 0 0 0 0 0 0 0 0 0 0 0 0 0 0 0 0 0 0 0 0 0 0 0 0 0 0 0 0 0 0 0 0 0 0 0 0 0 0 0 0 0 0 0 0 0 0 2.27398e-09 7.2418e-09 2.21592e-08 6.51486e-08 1.84036e-07 4.99512e-07 1.30267e-06 3.26415e-06 7.85868e-06 1.81792e-05 4.0406e-05 8.62905e-05 0.000177062 0.000349087 0.000661282 0.00120361 0.0021049 0.00353689 0.00571028 0.00885806 0.0132028 0.0189077 0.026017 0.034397 0.0436948 0.0533316 0.062544 0.0704744 0.0762998 0.0793708 0.0793312 0.0761855 0.0702986 0.0623256 0.0530923 0.0434553 0.0341742 0.0258227 0.0187477 0.013078 0.00876558 0.00564502 0.00349297 0.00207669 0.00118629 0.000651117 0.000343377 0.000173992 8.47096e-05 3.96261e-05 1.78105e-05 7.6916e-06 3.19156e-06 1.27243e-06 4.87429e-07 10 0 0 0 0 0 0 0 0 0 0 0 0 0 0 0 0 0 0 0 0 0 0 0 0 0 0 0 0 0 0 0 0 0 0 0 0 0 0 0 0 0 0 0 0 0 2.27398e-09 7.2418e-09 2.21592e-08 6.51486e-08 1.84036e-07 4.99512e-07 1.30267e-06 3.26415e-06 7.85868e-06 1.81792e-05 4.0406e-05 8.62905e-05 0.000177062 0.000349087 0.000661282 0.00120361 0.0021049 0.00353689 0.00571028 0.00885806 0.0132028 0.0189077 0.026017 0.034397 0.0436948 0.0533316 0.062544 0.0704744 0.0762998 0.0793708 0.0793312 0.0761855 0.0702986 0.0623256 0.0530923 0.0434553 0.0341742 0.0258227 0.0187477 0.013078 0.00876558 0.00564502 0.00349297 0.00207669 0.00118629 0.000651117 0.000343377 0.000173992 8.47096e-05 3.96261e-05 1.78105e-05 7.6916e-06 3.19156e-06 1.27243e-06 4.87429e-07 20 0 0 0 0 0 0 0 0 0 0 0 0 0 0 0 0 0 0 0 0 0 0 0 0 0 0 0 0 0 0 0 0 0 0 0 0 0 0 0 0 0 0 0 0 0 2.27398e-09 7.2418e-09 2.21592e-08 6.51486e-08 1.84036e-07 4.99512e-07 1.30267e-06 3.26415e-06 7.85868e-06 1.81792e-05 4.0406e-05 8.62905e-05 0.000177062 0.000349087 0.000661282 0.00120361 0.0021049 0.00353689 0.00571028 0.00885806 0.0132028 0.0189077 0.026017 0.034397 0.0436948 0.0533316 0.062544 0.0704744 0.0762998 0.0793708 0.0793312 0.0761855 0.0702986 0.0623256 0.0530923 0.0434553 0.0341742 0.0258227 0.0187477 0.013078 0.00876558 0.00564502 0.00349297 0.00207669 0.00118629 0.000651117 0.000343377 0.000173992 8.47096e-05 3.96261e-05 1.78105e-05 7.6916e-06 3.19156e-06 1.27243e-06 4.87429e-07 40 0 0 0 0 0 0 0 0 0 0 0 0 0 0 0 0 0 0 0 0 0 0 0 0 0 0 0 0 0 0 0 0 0 0 0 0 0 0 0 0 0 0 0 0 0 2.27398e-09 7.2418e-09 2.21592e-08 6.51486e-08 1.84036e-07 4.99512e-07 1.30267e-06 3.26415e-06 7.85868e-06 1.81792e-05 4.0406e-05 8.62905e-05 0.000177062 0.000349087 0.000661282 0.00120361 0.0021049 0.00353689 0.00571028 0.00885806 0.0132028 0.0189077 0.026017 0.034397 0.0436948 0.0533316 0.062544 0.0704744 0.0762998 0.0793708 0.0793312 0.0761855 0.0702986 0.0623256 0.0530923 0.0434553 0.0341742 0.0258227 0.0187477 0.013078 0.00876558 0.00564502 0.00349297 0.00207669 0.00118629 0.000651117 0.000343377 0.000173992 8.47096e-05 3.96261e-05 1.78105e-05 7.6916e-06 3.19156e-06 1.27243e-06 4.87429e-07 60 0 0 0 0 0 0 0 0 0 0 0 0 0 0 0 0 0 0 0 0 0 0 0 0 0 0 0 0 0 0 0 0 0 0 0 0 0 0 0 0 0 0 0 0 0 2.27398e-09 7.2418e-09 2.21592e-08 6.51486e-08 1.84036e-07 4.99512e-07 1.30267e-06 3.26415e-06 7.85868e-06 1.81792e-05 4.0406e-05 8.62905e-05 0.000177062 0.000349087 0.000661282 0.00120361 0.0021049 0.00353689 0.00571028 0.00885806 0.0132028 0.0189077 0.026017 0.034397 0.0436948 0.0533316 0.062544 0.0704744 0.0762998 0.0793708 0.0793312 0.0761855 0.0702986 0.0623256 0.0530923 0.0434553 0.0341742 0.0258227 0.0187477 0.013078 0.00876558 0.00564502 0.00349297 0.00207669 0.00118629 0.000651117 0.000343377 0.000173992 8.47096e-05 3.96261e-05 1.78105e-05 7.6916e-06 3.19156e-06 1.27243e-06 4.87429e-07 70 0.00236279 0.00255519 0.00275884 0.00297396 0.00320074 0.0034393 0.00368975 0.00395211 0.00422637 0.00451244 0.00481018 0.00511937 0.00543974 0.00577092 0.00611249 0.00646393 0.00682467 0.00719402 0.00757126 0.00795555 0.008346 0.00874162 0.00914137 0.00954414 0.00994874 0.0103539 0.0107584 0.0111608 0.0115598 0.011954 0.0123418 0.0127218 0.0130927 0.0134528 0.0138007 0.014135 0.0144543 0.0147572 0.0150424 0.0153086 0.0155546 0.0157794 0.0159818 0.016161 0.0163161 0.0164463 0.0165512 0.0166301 0.0166826 0.0167087 0.016708 0.0166806 0.0166267 0.0165465 0.0164404 0.0163089 0.0161526 0.0159722 0.0157687 0.0155428 0.0152957 0.0150286 0.0147425 0.0144387 0.0141186 0.0137836 0.013435 0.0130743 0.012703 0.0123226 0.0119344 0.01154 0.0111408 0.0107382 0.0103337 0.00992848 0.00952394 0.0091213 0.00872172 0.00832633 0.00793617 0.00755221 0.00717535 0.00680641 0.00644612 0.00609516 0.0057541 0.00542345 0.00510363 0.00479501 0.00449785 0.00421237 0.0039387 0.00367694 0.00342709 0.00318911 0.00296292 0.00274838 0.0025453 0.00235346 80 0.00284532 0.00302101 0.00320399 0.00339428 0.00359189 0.00379678 0.0040089 0.00422818 0.00445451 0.00468775 0.00492772 0.00517424 0.00542706 0.00568592 0.00595051 0.00622051 0.00649555 0.00677522 0.0070591 0.00734671 0.00763756 0.00793111 0.0082268 0.00852406 0.00882226 0.00912076 0.00941889 0.00971599 0.0100113 0.0103042 0.0105939 0.0108796 0.0111607 0.0114363 0.0117057 0.0119682 0.012223 0.0124693 0.0127066 0.0129339 0.0131507 0.0133564 0.0135502 0.0137315 0.0138999 0.0140546 0.0141954 0.0143217 0.014433 0.0145291 0.0146096 0.0146742 0.0147228 0.0147552 0.0147712 0.0147708 0.0147541 0.014721 0.0146717 0.0146063 0.0145251 0.0144283 0.0143163 0.0141894 0.014048 0.0138926 0.0137236 0.0135417 0.0133474 0.0131412 0.0129239 0.0126961 0.0124584 0.0122117 0.0119565 0.0116937 0.011424 0.0111481 0.0108669 0.0105809 0.0102911 0.00999808 0.00970264 0.00940549 0.00910732 0.00880882 0.00851065 0.00821345 0.00791784 0.0076244 0.00733369 0.00704624 0.00676254 0.00648307 0.00620825 0.00593848 0.00567414 0.00541554 0.005163 0.00491678 90 0.00421428 0.00434074 0.0044692 0.00459963 0.00473198 0.00486618 0.0050022 0.00513996 0.0052794 0.00542047 0.00556307 0.00570715 0.00585262 0.0059994 0.00614741 0.00629655 0.00644673 0.00659786 0.00674983 0.00690254 0.00705589 0.00720976 0.00736405 0.00751863 0.00767339 0.00782821 0.00798296 0.00813752 0.00829175 0.00844554 0.00859873 0.00875121 0.00890284 0.00905347 0.00920298 0.00935121 0.00949804 0.00964332 0.00978691 0.00992866 0.0100685 0.0102061 0.0103416 0.0104746 0.0106051 0.0107329 0.010858 0.0109801 0.0110992 0.011215 0.0113276 0.0114367 0.0115422 0.0116441 0.0117421 0.0118363 0.0119264 0.0120125 0.0120943 0.0121718 0.0122449 0.0123136 0.0123776 0.0124371 0.0124918 0.0125417 0.0125869 0.0126271 0.0126624 0.0126927 0.0127181 0.0127383 0.0127536 0.0127637 0.0127687 0.0127687 0.0127635 0.0127532 0.0127379 0.0127175 0.012692 0.0126616 0.0126262 0.0125858 0.0125405 0.0124905 0.0124356 0.0123761 0.0123119 0.0122431 0.0121699 0.0120923 0.0120104 0.0119242 0.011834 0.0117397 0.0116416 0.0115396 0.011434 0.0113248 100 0.0117765 0.0122363 0.0126938 0.0131473 0.0135953 0.0140361 0.014468 0.0148894 0.0152986 0.015694 0.0160738 0.0164366 0.0167807 0.0171047 0.017407 0.0176864 0.0179416 0.0181714 0.0183748 0.0185507 0.0186985 0.0188173 0.0189066 0.018966 0.0189952 0.0189941 0.0189626 0.0189009 0.0188094 0.0186884 0.0185385 0.0183605 0.0181551 0.0179233 0.0176663 0.0173851 0.0170811 0.0167556 0.01641 0.0160459 0.0156648 0.0152684 0.0148582 0.0144359 0.0140033 0.0135619 0.0131134 0.0126595 0.0122019 0.0117419 0.0112813 0.0108214 0.0103637 0.00990952 0.0094601 0.00901663 0.00858023 0.0081519 0.00773259 0.00732314 0.00692429 0.0065367 0.00616095 0.00579753 0.00544684 0.00510918 0.0047848 0.00447386 0.00417645 0.00389258 0.00362221 0.00336523 0.00312149 0.00289079 0.00267285 0.00246741 0.00227411 0.00209261 0.00192252 0.00176343 0.00161493 0.00147657 0.00134791 0.00122849 0.00111786 0.00101558 0.000921173 0.000834212 0.000754253 0.000680869 0.000613644 0.000552172 0.000496065 0.000444947 0.00039846 0.000356259 0.000318019 0.000283431 0.0002522 0.000224053 110 0.0117765 0.0122363 0.0126938 0.0131473 0.0135953 0.0140361 0.014468 0.0148894 0.0152986 0.015694 0.0160738 0.0164366 0.0167807 0.0171047 0.017407 0.0176864 0.0179416 0.0181714 0.0183748 0.0185507 0.0186985 0.0188173 0.0189066 0.018966 0.0189952 0.0189941 0.0189626 0.0189009 0.0188094 0.0186884 0.0185385 0.0183605 0.0181551 0.0179233 0.0176663 0.0173851 0.0170811 0.0167556 0.01641 0.0160459 0.0156648 0.0152684 0.0148582 0.0144359 0.0140033 0.0135619 0.0131134 0.0126595 0.0122019 0.0117419 0.0112813 0.0108214 0.0103637 0.00990952 0.0094601 0.00901663 0.00858023 0.0081519 0.00773259 0.00732314 0.00692429 0.0065367 0.00616095 0.00579753 0.00544684 0.00510918 0.0047848 0.00447386 0.00417645 0.00389258 0.00362221 0.00336523 0.00312149 0.00289079 0.00267285 0.00246741 0.00227411 0.00209261 0.00192252 0.00176343 0.00161493 0.00147657 0.00134791 0.00122849 0.00111786 0.00101558 0.000921173 0.000834212 0.000754253 0.000680869 0.000613644 0.000552172 0.000496065 0.000444947 0.00039846 0.000356259 0.000318019 0.000283431 0.0002522 0.000224053 120 0.0117765 0.0122363 0.0126938 0.0131473 0.0135953 0.0140361 0.014468 0.0148894 0.0152986 0.015694 0.0160738 0.0164366 0.0167807 0.0171047 0.017407 0.0176864 0.0179416 0.0181714 0.0183748 0.0185507 0.0186985 0.0188173 0.0189066 0.018966 0.0189952 0.0189941 0.0189626 0.0189009 0.0188094 0.0186884 0.0185385 0.0183605 0.0181551 0.0179233 0.0176663 0.0173851 0.0170811 0.0167556 0.01641 0.0160459 0.0156648 0.0152684 0.0148582 0.0144359 0.0140033 0.0135619 0.0131134 0.0126595 0.0122019 0.0117419 0.0112813 0.0108214 0.0103637 0.00990952 0.0094601 0.00901663 0.00858023 0.0081519 0.00773259 0.00732314 0.00692429 0.0065367 0.00616095 0.00579753 0.00544684 0.00510918 0.0047848 0.00447386 0.00417645 0.00389258 0.00362221 0.00336523 0.00312149 0.00289079 0.00267285 0.00246741 0.00227411 0.00209261 0.00192252 0.00176343 0.00161493 0.00147657 0.00134791 0.00122849 0.00111786 0.00101558 0.000921173 0.000834212 0.000754253 0.000680869 0.000613644 0.000552172 0.000496065 0.000444947 0.00039846 0.000356259 0.000318019 0.000283431 0.0002522 0.000224053 130 0.0117765 0.0122363 0.0126938 0.0131473 0.0135953 0.0140361 0.014468 0.0148894 0.0152986 0.015694 0.0160738 0.0164366 0.0167807 0.0171047 0.017407 0.0176864 0.0179416 0.0181714 0.0183748 0.0185507 0.0186985 0.0188173 0.0189066 0.018966 0.0189952 0.0189941 0.0189626 0.0189009 0.0188094 0.0186884 0.0185385 0.0183605 0.0181551 0.0179233 0.0176663 0.0173851 0.0170811 0.0167556 0.01641 0.0160459 0.0156648 0.0152684 0.0148582 0.0144359 0.0140033 0.0135619 0.0131134 0.0126595 0.0122019 0.0117419 0.0112813 0.0108214 0.0103637 0.00990952 0.0094601 0.00901663 0.00858023 0.0081519 0.00773259 0.00732314 0.00692429 0.0065367 0.00616095 0.00579753 0.00544684 0.00510918 0.0047848 0.00447386 0.00417645 0.00389258 0.00362221 0.00336523 0.00312149 0.00289079 0.00267285 0.00246741 0.00227411 0.00209261 0.00192252 0.00176343 0.00161493 0.00147657 0.00134791 0.00122849 0.00111786 0.00101558 0.000921173 0.000834212 0.000754253 0.000680869 0.000613644 0.000552172 0.000496065 0.000444947 0.00039846 0.000356259 0.000318019 0.000283431 0.0002522 0.000224053 140 0.0117765 0.0122363 0.0126938 0.0131473 0.0135953 0.0140361 0.014468 0.0148894 0.0152986 0.015694 0.0160738 0.0164366 0.0167807 0.0171047 0.017407 0.0176864 0.0179416 0.0181714 0.0183748 0.0185507 0.0186985 0.0188173 0.0189066 0.018966 0.0189952 0.0189941 0.0189626 0.0189009 0.0188094 0.0186884 0.0185385 0.0183605 0.0181551 0.0179233 0.0176663 0.0173851 0.0170811 0.0167556 0.01641 0.0160459 0.0156648 0.0152684 0.0148582 0.0144359 0.0140033 0.0135619 0.0131134 0.0126595 0.0122019 0.0117419 0.0112813 0.0108214 0.0103637 0.00990952 0.0094601 0.00901663 0.00858023 0.0081519 0.00773259 0.00732314 0.00692429 0.0065367 0.00616095 0.00579753 0.00544684 0.00510918 0.0047848 0.00447386 0.00417645 0.00389258 0.00362221 0.00336523 0.00312149 0.00289079 0.00267285 0.00246741 0.00227411 0.00209261 0.00192252 0.00176343 0.00161493 0.00147657 0.00134791 0.00122849 0.00111786 0.00101558 0.000921173 0.000834212 0.000754253 0.000680869 0.000613644 0.000552172 0.000496065 0.000444947 0.00039846 0.000356259 0.000318019 0.000283431 0.0002522 0.000224053 150 0.0117765 0.0122363 0.0126938 0.0131473 0.0135953 0.0140361 0.014468 0.0148894 0.0152986 0.015694 0.0160738 0.0164366 0.0167807 0.0171047 0.017407 0.0176864 0.0179416 0.0181714 0.0183748 0.0185507 0.0186985 0.0188173 0.0189066 0.018966 0.0189952 0.0189941 0.0189626 0.0189009 0.0188094 0.0186884 0.0185385 0.0183605 0.0181551 0.0179233 0.0176663 0.0173851 0.0170811 0.0167556 0.01641 0.0160459 0.0156648 0.0152684 0.0148582 0.0144359 0.0140033 0.0135619 0.0131134 0.0126595 0.0122019 0.0117419 0.0112813 0.0108214 0.0103637 0.00990952 0.0094601 0.00901663 0.00858023 0.0081519 0.00773259 0.00732314 0.00692429 0.0065367 0.00616095 0.00579753 0.00544684 0.00510918 0.0047848 0.00447386 0.00417645 0.00389258 0.00362221 0.00336523 0.00312149 0.00289079 0.00267285 0.00246741 0.00227411 0.00209261 0.00192252 0.00176343 0.00161493 0.00147657 0.00134791 0.00122849 0.00111786 0.00101558 0.000921173 0.000834212 0.000754253 0.000680869 0.000613644 0.000552172 0.000496065 0.000444947 0.00039846 0.000356259 0.000318019 0.000283431 0.0002522 0.000224053 160 0.0117765 0.0122363 0.0126938 0.0131473 0.0135953 0.0140361 0.014468 0.0148894 0.0152986 0.015694 0.0160738 0.0164366 0.0167807 0.0171047 0.017407 0.0176864 0.0179416 0.0181714 0.0183748 0.0185507 0.0186985 0.0188173 0.0189066 0.018966 0.0189952 0.0189941 0.0189626 0.0189009 0.0188094 0.0186884 0.0185385 0.0183605 0.0181551 0.0179233 0.0176663 0.0173851 0.0170811 0.0167556 0.01641 0.0160459 0.0156648 0.0152684 0.0148582 0.0144359 0.0140033 0.0135619 0.0131134 0.0126595 0.0122019 0.0117419 0.0112813 0.0108214 0.0103637 0.00990952 0.0094601 0.00901663 0.00858023 0.0081519 0.00773259 0.00732314 0.00692429 0.0065367 0.00616095 0.00579753 0.00544684 0.00510918 0.0047848 0.00447386 0.00417645 0.00389258 0.00362221 0.00336523 0.00312149 0.00289079 0.00267285 0.00246741 0.00227411 0.00209261 0.00192252 0.00176343 0.00161493 0.00147657 0.00134791 0.00122849 0.00111786 0.00101558 0.000921173 0.000834212 0.000754253 0.000680869 0.000613644 0.000552172 0.000496065 0.000444947 0.00039846 0.000356259 0.000318019 0.000283431 0.0002522 0.000224053 170 0.0117765 0.0122363 0.0126938 0.0131473 0.0135953 0.0140361 0.014468 0.0148894 0.0152986 0.015694 0.0160738 0.0164366 0.0167807 0.0171047 0.017407 0.0176864 0.0179416 0.0181714 0.0183748 0.0185507 0.0186985 0.0188173 0.0189066 0.018966 0.0189952 0.0189941 0.0189626 0.0189009 0.0188094 0.0186884 0.0185385 0.0183605 0.0181551 0.0179233 0.0176663 0.0173851 0.0170811 0.0167556 0.01641 0.0160459 0.0156648 0.0152684 0.0148582 0.0144359 0.0140033 0.0135619 0.0131134 0.0126595 0.0122019 0.0117419 0.0112813 0.0108214 0.0103637 0.00990952 0.0094601 0.00901663 0.00858023 0.0081519 0.00773259 0.00732314 0.00692429 0.0065367 0.00616095 0.00579753 0.00544684 0.00510918 0.0047848 0.00447386 0.00417645 0.00389258 0.00362221 0.00336523 0.00312149 0.00289079 0.00267285 0.00246741 0.00227411 0.00209261 0.00192252 0.00176343 0.00161493 0.00147657 0.00134791 0.00122849 0.00111786 0.00101558 0.000921173 0.000834212 0.000754253 0.000680869 0.000613644 0.000552172 0.000496065 0.000444947 0.00039846 0.000356259 0.000318019 0.000283431 0.0002522 0.000224053 180 0.0117765 0.0122363 0.0126938 0.0131473 0.0135953 0.0140361 0.014468 0.0148894 0.0152986 0.015694 0.0160738 0.0164366 0.0167807 0.0171047 0.017407 0.0176864 0.0179416 0.0181714 0.0183748 0.0185507 0.0186985 0.0188173 0.0189066 0.018966 0.0189952 0.0189941 0.0189626 0.0189009 0.0188094 0.0186884 0.0185385 0.0183605 0.0181551 0.0179233 0.0176663 0.0173851 0.0170811 0.0167556 0.01641 0.0160459 0.0156648 0.0152684 0.0148582 0.0144359 0.0140033 0.0135619 0.0131134 0.0126595 0.0122019 0.0117419 0.0112813 0.0108214 0.0103637 0.00990952 0.0094601 0.00901663 0.00858023 0.0081519 0.00773259 0.00732314 0.00692429 0.0065367 0.00616095 0.00579753 0.00544684 0.00510918 0.0047848 0.00447386 0.00417645 0.00389258 0.00362221 0.00336523 0.00312149 0.00289079 0.00267285 0.00246741 0.00227411 0.00209261 0.00192252 0.00176343 0.00161493 0.00147657 0.00134791 0.00122849 0.00111786 0.00101558 0.000921173 0.000834212 0.000754253 0.000680869 0.000613644 0.000552172 0.000496065 0.000444947 0.00039846 0.000356259 0.000318019 0.000283431 0.0002522 0.000224053 190 0.0117765 0.0122363 0.0126938 0.0131473 0.0135953 0.0140361 0.014468 0.0148894 0.0152986 0.015694 0.0160738 0.0164366 0.0167807 0.0171047 0.017407 0.0176864 0.0179416 0.0181714 0.0183748 0.0185507 0.0186985 0.0188173 0.0189066 0.018966 0.0189952 0.0189941 0.0189626 0.0189009 0.0188094 0.0186884 0.0185385 0.0183605 0.0181551 0.0179233 0.0176663 0.0173851 0.0170811 0.0167556 0.01641 0.0160459 0.0156648 0.0152684 0.0148582 0.0144359 0.0140033 0.0135619 0.0131134 0.0126595 0.0122019 0.0117419 0.0112813 0.0108214 0.0103637 0.00990952 0.0094601 0.00901663 0.00858023 0.0081519 0.00773259 0.00732314 0.00692429 0.0065367 0.00616095 0.00579753 0.00544684 0.00510918 0.0047848 0.00447386 0.00417645 0.00389258 0.00362221 0.00336523 0.00312149 0.00289079 0.00267285 0.00246741 0.00227411 0.00209261 0.00192252 0.00176343 0.00161493 0.00147657 0.00134791 0.00122849 0.00111786 0.00101558 0.000921173 0.000834212 0.000754253 0.000680869 0.000613644 0.000552172 0.000496065 0.000444947 0.00039846 0.000356259 0.000318019 0.000283431 0.0002522 0.000224053 200 0.0117765 0.0122363 0.0126938 0.0131473 0.0135953 0.0140361 0.014468 0.0148894 0.0152986 0.015694 0.0160738 0.0164366 0.0167807 0.0171047 0.017407 0.0176864 0.0179416 0.0181714 0.0183748 0.0185507 0.0186985 0.0188173 0.0189066 0.018966 0.0189952 0.0189941 0.0189626 0.0189009 0.0188094 0.0186884 0.0185385 0.0183605 0.0181551 0.0179233 0.0176663 0.0173851 0.0170811 0.0167556 0.01641 0.0160459 0.0156648 0.0152684 0.0148582 0.0144359 0.0140033 0.0135619 0.0131134 0.0126595 0.0122019 0.0117419 0.0112813 0.0108214 0.0103637 0.00990952 0.0094601 0.00901663 0.00858023 0.0081519 0.00773259 0.00732314 0.00692429 0.0065367 0.00616095 0.00579753 0.00544684 0.00510918 0.0047848 0.00447386 0.00417645 0.00389258 0.00362221 0.00336523 0.00312149 0.00289079 0.00267285 0.00246741 0.00227411 0.00209261 0.00192252 0.00176343 0.00161493 0.00147657 0.00134791 0.00122849 0.00111786 0.00101558 0.000921173 0.000834212 0.000754253 0.000680869 0.000613644 0.000552172 0.000496065 0.000444947 0.00039846 0.000356259 0.000318019 0.000283431 0.0002522 0.000224053 210 0.0117765 0.0122363 0.0126938 0.0131473 0.0135953 0.0140361 0.014468 0.0148894 0.0152986 0.015694 0.0160738 0.0164366 0.0167807 0.0171047 0.017407 0.0176864 0.0179416 0.0181714 0.0183748 0.0185507 0.0186985 0.0188173 0.0189066 0.018966 0.0189952 0.0189941 0.0189626 0.0189009 0.0188094 0.0186884 0.0185385 0.0183605 0.0181551 0.0179233 0.0176663 0.0173851 0.0170811 0.0167556 0.01641 0.0160459 0.0156648 0.0152684 0.0148582 0.0144359 0.0140033 0.0135619 0.0131134 0.0126595 0.0122019 0.0117419 0.0112813 0.0108214 0.0103637 0.00990952 0.0094601 0.00901663 0.00858023 0.0081519 0.00773259 0.00732314 0.00692429 0.0065367 0.00616095 0.00579753 0.00544684 0.00510918 0.0047848 0.00447386 0.00417645 0.00389258 0.00362221 0.00336523 0.00312149 0.00289079 0.00267285 0.00246741 0.00227411 0.00209261 0.00192252 0.00176343 0.00161493 0.00147657 0.00134791 0.00122849 0.00111786 0.00101558 0.000921173 0.000834212 0.000754253 0.000680869 0.000613644 0.000552172 0.000496065 0.000444947 0.00039846 0.000356259 0.000318019 0.000283431 0.0002522 0.000224053 220 0.0117765 0.0122363 0.0126938 0.0131473 0.0135953 0.0140361 0.014468 0.0148894 0.0152986 0.015694 0.0160738 0.0164366 0.0167807 0.0171047 0.017407 0.0176864 0.0179416 0.0181714 0.0183748 0.0185507 0.0186985 0.0188173 0.0189066 0.018966 0.0189952 0.0189941 0.0189626 0.0189009 0.0188094 0.0186884 0.0185385 0.0183605 0.0181551 0.0179233 0.0176663 0.0173851 0.0170811 0.0167556 0.01641 0.0160459 0.0156648 0.0152684 0.0148582 0.0144359 0.0140033 0.0135619 0.0131134 0.0126595 0.0122019 0.0117419 0.0112813 0.0108214 0.0103637 0.00990952 0.0094601 0.00901663 0.00858023 0.0081519 0.00773259 0.00732314 0.00692429 0.0065367 0.00616095 0.00579753 0.00544684 0.00510918 0.0047848 0.00447386 0.00417645 0.00389258 0.00362221 0.00336523 0.00312149 0.00289079 0.00267285 0.00246741 0.00227411 0.00209261 0.00192252 0.00176343 0.00161493 0.00147657 0.00134791 0.00122849 0.00111786 0.00101558 0.000921173 0.000834212 0.000754253 0.000680869 0.000613644 0.000552172 0.000496065 0.000444947 0.00039846 0.000356259 0.000318019 0.000283431 0.0002522 0.000224053 230 0.0117765 0.0122363 0.0126938 0.0131473 0.0135953 0.0140361 0.014468 0.0148894 0.0152986 0.015694 0.0160738 0.0164366 0.0167807 0.0171047 0.017407 0.0176864 0.0179416 0.0181714 0.0183748 0.0185507 0.0186985 0.0188173 0.0189066 0.018966 0.0189952 0.0189941 0.0189626 0.0189009 0.0188094 0.0186884 0.0185385 0.0183605 0.0181551 0.0179233 0.0176663 0.0173851 0.0170811 0.0167556 0.01641 0.0160459 0.0156648 0.0152684 0.0148582 0.0144359 0.0140033 0.0135619 0.0131134 0.0126595 0.0122019 0.0117419 0.0112813 0.0108214 0.0103637 0.00990952 0.0094601 0.00901663 0.00858023 0.0081519 0.00773259 0.00732314 0.00692429 0.0065367 0.00616095 0.00579753 0.00544684 0.00510918 0.0047848 0.00447386 0.00417645 0.00389258 0.00362221 0.00336523 0.00312149 0.00289079 0.00267285 0.00246741 0.00227411 0.00209261 0.00192252 0.00176343 0.00161493 0.00147657 0.00134791 0.00122849 0.00111786 0.00101558 0.000921173 0.000834212 0.000754253 0.000680869 0.000613644 0.000552172 0.000496065 0.000444947 0.00039846 0.000356259 0.000318019 0.000283431 0.0002522 0.000224053 240 0.0117765 0.0122363 0.0126938 0.0131473 0.0135953 0.0140361 0.014468 0.0148894 0.0152986 0.015694 0.0160738 0.0164366 0.0167807 0.0171047 0.017407 0.0176864 0.0179416 0.0181714 0.0183748 0.0185507 0.0186985 0.0188173 0.0189066 0.018966 0.0189952 0.0189941 0.0189626 0.0189009 0.0188094 0.0186884 0.0185385 0.0183605 0.0181551 0.0179233 0.0176663 0.0173851 0.0170811 0.0167556 0.01641 0.0160459 0.0156648 0.0152684 0.0148582 0.0144359 0.0140033 0.0135619 0.0131134 0.0126595 0.0122019 0.0117419 0.0112813 0.0108214 0.0103637 0.00990952 0.0094601 0.00901663 0.00858023 0.0081519 0.00773259 0.00732314 0.00692429 0.0065367 0.00616095 0.00579753 0.00544684 0.00510918 0.0047848 0.00447386 0.00417645 0.00389258 0.00362221 0.00336523 0.00312149 0.00289079 0.00267285 0.00246741 0.00227411 0.00209261 0.00192252 0.00176343 0.00161493 0.00147657 0.00134791 0.00122849 0.00111786 0.00101558 0.000921173 0.000834212 0.000754253 0.000680869 0.000613644 0.000552172 0.000496065 0.000444947 0.00039846 0.000356259 0.000318019 0.000283431 0.0002522 0.000224053 250 0.0117765 0.0122363 0.0126938 0.0131473 0.0135953 0.0140361 0.014468 0.0148894 0.0152986 0.015694 0.0160738 0.0164366 0.0167807 0.0171047 0.017407 0.0176864 0.0179416 0.0181714 0.0183748 0.0185507 0.0186985 0.0188173 0.0189066 0.018966 0.0189952 0.0189941 0.0189626 0.0189009 0.0188094 0.0186884 0.0185385 0.0183605 0.0181551 0.0179233 0.0176663 0.0173851 0.0170811 0.0167556 0.01641 0.0160459 0.0156648 0.0152684 0.0148582 0.0144359 0.0140033 0.0135619 0.0131134 0.0126595 0.0122019 0.0117419 0.0112813 0.0108214 0.0103637 0.00990952 0.0094601 0.00901663 0.00858023 0.0081519 0.00773259 0.00732314 0.00692429 0.0065367 0.00616095 0.00579753 0.00544684 0.00510918 0.0047848 0.00447386 0.00417645 0.00389258 0.00362221 0.00336523 0.00312149 0.00289079 0.00267285 0.00246741 0.00227411 0.00209261 0.00192252 0.00176343 0.00161493 0.00147657 0.00134791 0.00122849 0.00111786 0.00101558 0.000921173 0.000834212 0.000754253 0.000680869 0.000613644 0.000552172 0.000496065 0.000444947 0.00039846 0.000356259 0.000318019 0.000283431 0.0002522 0.000224053 260 0.0117765 0.0122363 0.0126938 0.0131473 0.0135953 0.0140361 0.014468 0.0148894 0.0152986 0.015694 0.0160738 0.0164366 0.0167807 0.0171047 0.017407 0.0176864 0.0179416 0.0181714 0.0183748 0.0185507 0.0186985 0.0188173 0.0189066 0.018966 0.0189952 0.0189941 0.0189626 0.0189009 0.0188094 0.0186884 0.0185385 0.0183605 0.0181551 0.0179233 0.0176663 0.0173851 0.0170811 0.0167556 0.01641 0.0160459 0.0156648 0.0152684 0.0148582 0.0144359 0.0140033 0.0135619 0.0131134 0.0126595 0.0122019 0.0117419 0.0112813 0.0108214 0.0103637 0.00990952 0.0094601 0.00901663 0.00858023 0.0081519 0.00773259 0.00732314 0.00692429 0.0065367 0.00616095 0.00579753 0.00544684 0.00510918 0.0047848 0.00447386 0.00417645 0.00389258 0.00362221 0.00336523 0.00312149 0.00289079 0.00267285 0.00246741 0.00227411 0.00209261 0.00192252 0.00176343 0.00161493 0.00147657 0.00134791 0.00122849 0.00111786 0.00101558 0.000921173 0.000834212 0.000754253 0.000680869 0.000613644 0.000552172 0.000496065 0.000444947 0.00039846 0.000356259 0.000318019 0.000283431 0.0002522 0.000224053 270 0.0117765 0.0122363 0.0126938 0.0131473 0.0135953 0.0140361 0.014468 0.0148894 0.0152986 0.015694 0.0160738 0.0164366 0.0167807 0.0171047 0.017407 0.0176864 0.0179416 0.0181714 0.0183748 0.0185507 0.0186985 0.0188173 0.0189066 0.018966 0.0189952 0.0189941 0.0189626 0.0189009 0.0188094 0.0186884 0.0185385 0.0183605 0.0181551 0.0179233 0.0176663 0.0173851 0.0170811 0.0167556 0.01641 0.0160459 0.0156648 0.0152684 0.0148582 0.0144359 0.0140033 0.0135619 0.0131134 0.0126595 0.0122019 0.0117419 0.0112813 0.0108214 0.0103637 0.00990952 0.0094601 0.00901663 0.00858023 0.0081519 0.00773259 0.00732314 0.00692429 0.0065367 0.00616095 0.00579753 0.00544684 0.00510918 0.0047848 0.00447386 0.00417645 0.00389258 0.00362221 0.00336523 0.00312149 0.00289079 0.00267285 0.00246741 0.00227411 0.00209261 0.00192252 0.00176343 0.00161493 0.00147657 0.00134791 0.00122849 0.00111786 0.00101558 0.000921173 0.000834212 0.000754253 0.000680869 0.000613644 0.000552172 0.000496065 0.000444947 0.00039846 0.000356259 0.000318019 0.000283431 0.0002522 0.000224053 280 0.0117765 0.0122363 0.0126938 0.0131473 0.0135953 0.0140361 0.014468 0.0148894 0.0152986 0.015694 0.0160738 0.0164366 0.0167807 0.0171047 0.017407 0.0176864 0.0179416 0.0181714 0.0183748 0.0185507 0.0186985 0.0188173 0.0189066 0.018966 0.0189952 0.0189941 0.0189626 0.0189009 0.0188094 0.0186884 0.0185385 0.0183605 0.0181551 0.0179233 0.0176663 0.0173851 0.0170811 0.0167556 0.01641 0.0160459 0.0156648 0.0152684 0.0148582 0.0144359 0.0140033 0.0135619 0.0131134 0.0126595 0.0122019 0.0117419 0.0112813 0.0108214 0.0103637 0.00990952 0.0094601 0.00901663 0.00858023 0.0081519 0.00773259 0.00732314 0.00692429 0.0065367 0.00616095 0.00579753 0.00544684 0.00510918 0.0047848 0.00447386 0.00417645 0.00389258 0.00362221 0.00336523 0.00312149 0.00289079 0.00267285 0.00246741 0.00227411 0.00209261 0.00192252 0.00176343 0.00161493 0.00147657 0.00134791 0.00122849 0.00111786 0.00101558 0.000921173 0.000834212 0.000754253 0.000680869 0.000613644 0.000552172 0.000496065 0.000444947 0.00039846 0.000356259 0.000318019 0.000283431 0.0002522 0.000224053 290 0.0117765 0.0122363 0.0126938 0.0131473 0.0135953 0.0140361 0.014468 0.0148894 0.0152986 0.015694 0.0160738 0.0164366 0.0167807 0.0171047 0.017407 0.0176864 0.0179416 0.0181714 0.0183748 0.0185507 0.0186985 0.0188173 0.0189066 0.018966 0.0189952 0.0189941 0.0189626 0.0189009 0.0188094 0.0186884 0.0185385 0.0183605 0.0181551 0.0179233 0.0176663 0.0173851 0.0170811 0.0167556 0.01641 0.0160459 0.0156648 0.0152684 0.0148582 0.0144359 0.0140033 0.0135619 0.0131134 0.0126595 0.0122019 0.0117419 0.0112813 0.0108214 0.0103637 0.00990952 0.0094601 0.00901663 0.00858023 0.0081519 0.00773259 0.00732314 0.00692429 0.0065367 0.00616095 0.00579753 0.00544684 0.00510918 0.0047848 0.00447386 0.00417645 0.00389258 0.00362221 0.00336523 0.00312149 0.00289079 0.00267285 0.00246741 0.00227411 0.00209261 0.00192252 0.00176343 0.00161493 0.00147657 0.00134791 0.00122849 0.00111786 0.00101558 0.000921173 0.000834212 0.000754253 0.000680869 0.000613644 0.000552172 0.000496065 0.000444947 0.00039846 0.000356259 0.000318019 0.000283431 0.0002522 0.000224053
HOLDUP_DISTRIBUTION "Inlet" "InputMaterial" SIZE "H2O" MASS_FRACTION DIAMETER MANUAL 0 0 0 0 0 0 0 0 0 0 0 0 0 0 0 0 0 0 0 0 0 0 0 0 0 0 0 0 0 0 0 0 0 0 0 0 0 0 0 0 0 0 0 0 0 0 0 0 0 0 0 0 0 0 0 0 0 0 0 0 0 0 0 0 0 0 0 0 0 0 0 0 0 0 0 0 0 0 0 0 0 0 0 0 0 0 0 0 0 0 0 0 0 0 0 0 0 0 0 0 0 10 0 0 0 0 0 0 0 0 0 0 0 0 0 0 0 0 0 0 0 0 0 0 0 0 0 0 0 0 0 0 0 0 0 0 0 0 0 0 0 0 0 0 0 0 0 0 0 0 0 0 0 0 0 0 0 0 0 0 0 0 0 0 0 0 0 0 0 0 0 0 0 0 0 0 0 0 0 0 0 0 0 0 0 0 0 0 0 0 0 0 0 0 0 0 0 0 0 0 0 0 20 0 0 0 0 0 0 0 0 0 0 0 0 0 0 0 0 0 0 0 0 0 0 0 0 0 0 0 0 0 0 0 0 0 0 0 0 0 0 0 0 0 0 0 0 0 0 0 0 0 0 0 0 0 0 0 0 0 0 0 0 0 0 0 0 0 0 0 0 0 0 0 0 0 0 0 0 0 0 0 0 0 0 0 0 0 0 0 0 0 0 0 0 0 0 0 0 0 0 0 0 40 0 0 0 0 0 0 0 0 0 0 0 0 0 0 0 0 0 0 0 0 0 0 0 0 0 0 0 0 0 0 0 0 0 0 0 0 0 0 0 0 0 0 0 0 0 0 0 0 0 0 0 0 0 0 0 0 0 0 0 0 0 0 0 0 0 0 0 0 0 0 0 0 0 0 0 0 0 0 0 0 0 0 0 0 0 0 0 0 0 0 0 0 0 0 0 0 0 0 0 0 60 0 0 0 0 0 0 0 0 0 0 0 0 0 0 0 0 0 0 0 0 0 0 0 0 0 0 0 0 0 0 0 0 0 0 0 0 0 0 0 0 0 0 0 0 0 0 0 0 0 0 0 0 0 0 0 0 0 0 0 0 0 0 0 0 0 0 0 0 0 0 0 0 0 0 0 0 0 0 0 0 0 0 0 0 0 0 0 0 0 0 0 0 0 0 0 0 0 0 0 0 70 0 0 0 0 0 0 0 0 0 0 0 0 0 0 0 0 0 0 0 0 0 0 0 0 0 0 0 0 0 0 0 0 0 0 0 0 0 0 0 0 0 0 0 0 0 0 0 0 0 0 0 0 0 0 0 0 0 0 0 0 0 0 0 0 0 0 0 0 0 0 0 0 0 0 0 0 0 0 0 0 0 0 0 0 0 0 0 0 0 0 0 0 0 0 0 0 0 0 0 0 80 0 0 0 0 0 0 0 0 0 0 0 0 0 0 0 0 0 0 0 0 0 0 0 0 0 0 0 0 0 0 0 0 0 0 0 0 0 0 0 0 0 0 0 0 0 0 0 0 0 0 0 0 0 0 0 0 0 0 0 0 0 0 0 0 0 0 0 0 0 0 0 0 0 0 0 0 0 0 0 0 0 0 0 0 0 0 0 0 0 0 0 0 0 0 0 0 0 0 0 0 90 0 0 0 0 0 0 0 0 0 0 0 0 0 0 0 0 0 0 0 0 0 0 0 0 0 0 0 0 0 0 0 0 0 0 0 0 0 0 0 0 0 0 0 0 0 0 0 0 0 0 0 0 0 0 0 0 0 0 0 0 0 0 0 0 0 0 0 0 0 0 0 0 0 0 0 0 0 0 0 0 0 0 0 0 0 0 0 0 0 0 0 0 0 0 0 0 0 0 0 0 100 0 0 0 0 0 0 0 0 0 0 0 0 0 0 0 0 0 0 0 0 0 0 0 0 0 0 0 0 0 0 0 0 0 0 0 0 0 0 0 0 0 0 0 0 0 0 0 0 0 0 0 0 0 0 0 0 0 0 0 0 0 0 0 0 0 0 0 0 0 0 0 0 0 0 0 0 0 0 0 0 0 0 0 0 0 0 0 0 0 0 0 0 0 0 0 0 0 0 0 0 110 0 0 0 0 0 0 0 0 0 0 0 0 0 0 0 0 0 0 0 0 0 0 0 0 0 0 0 0 0 0 0 0 0 0 0 0 0 0 0 0 0 0 0 0 0 0 0 0 0 0 0 0 0 0 0 0 0 0 0 0 0 0 0 0 0 0 0 0 0 0 0 0 0 0 0 0 0 0 0 0 0 0 0 0 0 0 0 0 0 0 0 0 0 0 0 0 0 0 0 0 120 0 0 0 0 0 0 0 0 0 0 0 0 0 0 0 0 0 0 0 0 0 0 0 0 0 0 0 0 0 0 0 0 0 0 0 0 0 0 0 0 0 0 0 0 0 0 0 0 0 0 0 0 0 0 0 0 0 0 0 0 0 0 0 0 0 0 0 0 0 0 0 0 0 0 0 0 0 0 0 0 0 0 0 0 0 0 0 0 0 0 0 0 0 0 0 0 0 0 0 0 130 0 0 0 0 0 0 0 0 0 0 0 0 0 0 0 0 0 0 0 0 0 0 0 0 0 0 0 0 0 0 0 0 0 0 0 0 0 0 0 0 0 0 0 0 0 0 0 0 0 0 0 0 0 0 0 0 0 0 0 0 0 0 0 0 0 0 0 0 0 0 0 0 0 0 0 0 0 0 0 0 0 0 0 0 0 0 0 0 0 0 0 0 0 0 0 0 0 0 0 0 140 0 0 0 0 0 0 0 0 0 0 0 0 0 0 0 0 0 0 0 0 0 0 0 0 0 0 0 0 0 0 0 0 0 0 0 0 0 0 0 0 0 0 0 0 0 0 0 0 0 0 0 0 0 0 0 0 0 0 0 0 0 0 0 0 0 0 0 0 0 0 0 0 0 0 0 0 0 0 0 0 0 0 0 0 0 0 0 0 0 0 0 0 0 0 0 0 0 0 0 0 150 0 0 0 0 0 0 0 0 0 0 0 0 0 0 0 0 0 0 0 0 0 0 0 0 0 0 0 0 0 0 0 0 0 0 0 0 0 0 0 0 0 0 0 0 0 0 0 0 0 0 0 0 0 0 0 0 0 0 0 0 0 0 0 0 0 0 0 0 0 0 0 0 0 0 0 0 0 0 0 0 0 0 0 0 0 0 0 0 0 0 0 0 0 0 0 0 0 0 0 0 160 0 0 0 0 0 0 0 0 0 0 0 0 0 0 0 0 0 0 0 0 0 0 0 0 0 0 0 0 0 0 0 0 0 0 0 0 0 0 0 0 0 0 0 0 0 0 0 0 0 0 0 0 0 0 0 0 0 0 0 0 0 0 0 0 0 0 0 0 0 0 0 0 0 0 0 0 0 0 0 0 0 0 0 0 0 0 0 0 0 0 0 0 0 0 0 0 0 0 0 0 170 0 0 0 0 0 0 0 0 0 0 0 0 0 0 0 0 0 0 0 0 0 0 0 0 0 0 0 0 0 0 0 0 0 0 0 0 0 0 0 0 0 0 0 0 0 0 0 0 0 0 0 0 0 0 0 0 0 0 0 0 0 0 0 0 0 0 0 0 0 0 0 0 0 0 0 0 0 0 0 0 0 0 0 0 0 0 0 0 0 0 0 0 0 0 0 0 0 0 0 0 180 0 0 0 0 0 0 0 0 0 0 0 0 0 0 0 0 0 0 0 0 0 0 0 0 0 0 0 0 0 0 0 0 0 0 0 0 0 0 0 0 0 0 0 0 0 0 0 0 0 0 0 0 0 0 0 0 0 0 0 0 0 0 0 0 0 0 0 0 0 0 0 0 0 0 0 0 0 0 0 0 0 0 0 0 0 0 0 0 0 0 0 0 0 0 0 0 0 0 0 0 190 0 0 0 0 0 0 0 0 0 0 0 0 0 0 0 0 0 0 0 0 0 0 0 0 0 0 0 0 0 0 0 0 0 0 0 0 0 0 0 0 0 0 0 0 0 0 0 0 0 0 0 0 0 0 0 0 0 0 0 0 0 0 0 0 0 0 0 0 0 0 0 0 0 0 0 0 0 0 0 0 0 0 0 0 0 0 0 0 0 0 0 0 0 0 0 0 0 0 0 0 200 0 0 0 0 0 0 0 0 0 0 0 0 0 0 0 0 0 0 0 0 0 0 0 0 0 0 0 0 0 0 0 0 0 0 0 0 0 0 0 0 0 0 0 0 0 0 0 0 0 0 0 0 0 0 0 0 0 0 0 0 0 0 0 0 0 0 0 0 0 0 0 0 0 0 0 0 0 0 0 0 0 0 0 0 0 0 0 0 0 0 0 0 0 0 0 0 0 0 0 0 210 0 0 0 0 0 0 0 0 0 0 0 0 0 0 0 0 0 0 0 0 0 0 0 0 0 0 0 0 0 0 0 0 0 0 0 0 0 0 0 0 0 0 0 0 0 0 0 0 0 0 0 0 0 0 0 0 0 0 0 0 0 0 0 0 0 0 0 0 0 0 0 0 0 0 0 0 0 0 0 0 0 0 0 0 0 0 0 0 0 0 0 0 0 0 0 0 0 0 0 0 220 0 0 0 0 0 0 0 0 0 0 0 0 0 0 0 0 0 0 0 0 0 0 0 0 0 0 0 0 0 0 0 0 0 0 0 0 0 0 0 0 0 0 0 0 0 0 0 0 0 0 0 0 0 0 0 0 0 0 0 0 0 0 0 0 0 0 0 0 0 0 0 0 0 0 0 0 0 0 0 0 0 0 0 0 0 0 0 0 0 0 0 0 0 0 0 0 0 0 0 0 230 0 0 0 0 0 0 0 0 0 0 0 0 0 0 0 0 0 0 0 0 0 0 0 0 0 0 0 0 0 0 0 0 0 0 0 0 0 0 0 0 0 0 0 0 0 0 0 0 0 0 0 0 0 0 0 0 0 0 0 0 0 0 0 0 0 0 0 0 0 0 0 0 0 0 0 0 0 0 0 0 0 0 0 0 0 0 0 0 0 0 0 0 0 0 0 0 0 0 0 0 240 0 0 0 0 0 0 0 0 0 0 0 0 0 0 0 0 0 0 0 0 0 0 0 0 0 0 0 0 0 0 0 0 0 0 0 0 0 0 0 0 0 0 0 0 0 0 0 0 0 0 0 0 0 0 0 0 0 0 0 0 0 0 0 0 0 0 0 0 0 0 0 0 0 0 0 0 0 0 0 0 0 0 0 0 0 0 0 0 0 0 0 0 0 0 0 0 0 0 0 0 250 0 0 0 0 0 0 0 0 0 0 0 0 0 0 0 0 0 0 0 0 0 0 0 0 0 0 0 0 0 0 0 0 0 0 0 0 0 0 0 0 0 0 0 0 0 0 0 0 0 0 0 0 0 0 0 0 0 0 0 0 0 0 0 0 0 0 0 0 0 0 0 0 0 0 0 0 0 0 0 0 0 0 0 0 0 0 0 0 0 0 0 0 0 0 0 0 0 0 0 0 260 0 0 0 0 0 0 0 0 0 0 0 0 0 0 0 0 0 0 0 0 0 0 0 0 0 0 0 0 0 0 0 0 0 0 0 0 0 0 0 0 0 0 0 0 0 0 0 0 0 0 0 0 0 0 0 0 0 0 0 0 0 0 0 0 0 0 0 0 0 0 0 0 0 0 0 0 0 0 0 0 0 0 0 0 0 0 0 0 0 0 0 0 0 0 0 0 0 0 0 0 270 0 0 0 0 0 0 0 0 0 0 0 0 0 0 0 0 0 0 0 0 0 0 0 0 0 0 0 0 0 0 0 0 0 0 0 0 0 0 0 0 0 0 0 0 0 0 0 0 0 0 0 0 0 0 0 0 0 0 0 0 0 0 0 0 0 0 0 0 0 0 0 0 0 0 0 0 0 0 0 0 0 0 0 0 0 0 0 0 0 0 0 0 0 0 0 0 0 0 0 0 280 0 0 0 0 0 0 0 0 0 0 0 0 0 0 0 0 0 0 0 0 0 0 0 0 0 0 0 0 0 0 0 0 0 0 0 0 0 0 0 0 0 0 0 0 0 0 0 0 0 0 0 0 0 0 0 0 0 0 0 0 0 0 0 0 0 0 0 0 0 0 0 0 0 0 0 0 0 0 0 0 0 0 0 0 0 0 0 0 0 0 0 0 0 0 0 0 0 0 0 0 290 0 0 0 0 0 0 0 0 0 0 0 0 0 0 0 0 0 0 0 0 0 0 0 0 0 0 0 0 0 0 0 0 0 0 0 0 0 0 0 0 0 0 0 0 0 0 0 0 0 0 0 0 0 0 0 0 0 0 0 0 0 0 0 0 0 0 0 0 0 0 0 0 0 0 0 0 0 0 0 0 0 0 0 0 0 0 0 0 0 0 0 0 0 0 0 0 0 0 0 0
HOLDUP_DISTRIBUTION "Inlet" "InputMaterial" PARTICLE_POROSITY "Sand" MANUAL 0 0.25 0.25 0.25 0.25 10 0.25 0.25 0.25 0.25 20 0.25 0.25 0.25 0.25 40 0.25 0.25 0.25 0.25 60 0.25 0.25 0.25 0.25 70 0.25 0.25 0.25 0.25 80 0.25 0.25 0.25 0.25 90 0.25 0.25 0.25 0.25 100 0.25 0.25 0.25 0.25 110 0.25 0.25 0.25 0.25 120 0.25 0.25 0.25 0.25 130 0.25 0.25 0.25 0.25 140 0.25 0.25 0.25 0.25 150 0.25 0.25 0.25 0.25 160 0.25 0.25 0.25 0.25 170 0.25 0.25 0.25 0.25 180 0.25 0.25 0.25 0.25 190 0.25 0.25 0.25 0.25 200 0.25 0.25 0.25 0.25 210 0.25 0.25 0.25 0.25 220 0.25 0.25 0.25 0.25 230 0.25 0.25 0.25 0.25 240 0.25 0.25 0.25 0.25 250 0.25 0.25 0.25 0.25 260 0.25 0.25 0.25 0.25 270 0.25 0.25 0.25 0.25 280 0 0 0.5 0.5 290 1 0 0 0
HOLDUP_DISTRIBUTION "Inlet" "InputMaterial" PARTICLE_POROSITY "H2O" MANUAL 0 0 0 0 0 10 0 0 0 0 20 0 0 0 0 40 0 0 0 0 60 0 0 0 0 70 0 0 0 0 80 0 0 0 0 90 0 0 0 0 100 0 0 0 0 110 0 0 0 0 120 0 0 0 0 130 0 0 0 0 140 0 0 0 0 150 0 0 0 0 160 0 0 0 0 170 0 0 0 0 180 0 0 0 0 190 0 0 0 0 200 0 0 0 0 210 0 0 0 0 220 0 0 0 0 230 0 0 0 0 240 0 0 0 0 250 0 0 0 0 260 0 0 0 0 270 0 0 0 0 280 0 0 0 0 290 0 0 0 0
