JOB 
RESULT_FILE ".\Comminution Process_res.dflw"
MATERIALS_DATABASE "C:\Program Files\Dyssol\Materials.dmdb"
MODELS_PATH "C:\Program Files\Dyssol\Units"
MODELS_PATH "C:\Program Files\Dyssol\Solvers"
SIMULATION_TIME 60
RELATIVE_TOLERANCE 1e-06
ABSOLUTE_TOLERANCE 1e-08
MINIMAL_FRACTION 1e-09
SAVE_TIME_STEP_HINT 0
SAVE_FLAG_FOR_HOLDUPS YES
THERMO_TEMPERATURE_MIN 173
THERMO_TEMPERATURE_MAX 1273
THERMO_TEMPERATURE_INTERVALS 100
INIT_TIME_WINDOW 0.1
MIN_TIME_WINDOW 1e-09
MAX_TIME_WINDOW 1
MAX_ITERATIONS_NUMBER 500
WINDOW_CHANGE_RATE 1.2
ITERATIONS_UPPER_LIMIT 7
ITERATIONS_LOWER_LIMIT 3
ITERATIONS_UPPER_LIMIT_1ST 20
CONVERGENCE_METHOD WEGSTEIN
RELAXATION_PARAMETER 1
ACCELERATION_LIMIT -0.5
EXTRAPOLATION_METHOD CUBIC_SPLINE
COMPOUNDS "Sand" 
PHASES "Solids" SOLID 
KEEP_EXISTING_GRIDS_VALUES NO
DISTRIBUTION_GRID "GLOBAL" SIZE NUMERIC MANUAL DIAMETER 100 0 2e-05 4e-05 6e-05 8e-05 0.0001 0.00012 0.00014 0.00016 0.00018 0.0002 0.00022 0.00024 0.00026 0.00028 0.0003 0.00032 0.00034 0.00036 0.00038 0.0004 0.00042 0.00044 0.00046 0.00048 0.0005 0.00052 0.00054 0.00056 0.00058 0.0006 0.00062 0.00064 0.00066 0.00068 0.0007 0.00072 0.00074 0.00076 0.00078 0.0008 0.00082 0.00084 0.00086 0.00088 0.0009 0.00092 0.00094 0.00096 0.00098 0.001 0.00102 0.00104 0.00106 0.00108 0.0011 0.00112 0.00114 0.00116 0.00118 0.0012 0.00122 0.00124 0.00126 0.00128 0.0013 0.00132 0.00134 0.00136 0.00138 0.0014 0.00142 0.00144 0.00146 0.00148 0.0015 0.00152 0.00154 0.00156 0.00158 0.0016 0.00162 0.00164 0.00166 0.00168 0.0017 0.00172 0.00174 0.00176 0.00178 0.0018 0.00182 0.00184 0.00186 0.00188 0.0019 0.00192 0.00194 0.00196 0.00198 0.002
KEEP_EXISTING_UNITS NO
UNIT "Inlet" "InletFlow" 
UNIT "Mixer" "Mixer" 
UNIT "Crusher" "Crusher" 
UNIT "Splitter" "Splitter" 
UNIT "Delay" "Time delay" 
UNIT "Outlet" "OutletFlow" 
KEEP_EXISTING_STREAMS NO
STREAM "Inflow" "Inlet" "InletMaterial" "Mixer" "In1"
STREAM "Delayed" "Delay" "Out" "Mixer" "In2"
STREAM "Mixed" "Mixer" "Out" "Crusher" "Input"
STREAM "Crushed" "Crusher" "Output" "Splitter" "In"
STREAM "Outflow" "Splitter" "Out1" "Outlet" "In"
STREAM "Split" "Splitter" "Out2" "Delay" "In"
UNIT_PARAMETER "Crusher" "Model" 0
UNIT_PARAMETER "Crusher" "P"  0 200
UNIT_PARAMETER "Crusher" "Mean"  0 0.001
UNIT_PARAMETER "Crusher" "Deviation"  0 0.00015
UNIT_PARAMETER "Crusher" "CSS" 0.04
UNIT_PARAMETER "Crusher" "alpha1" 0.6
UNIT_PARAMETER "Crusher" "alpha2" 2
UNIT_PARAMETER "Crusher" "n" 2
UNIT_PARAMETER "Crusher" "d'" 0.003
UNIT_PARAMETER "Crusher" "q" 0.55
UNIT_PARAMETER "Splitter" "KSplitt"  0 0.5
UNIT_PARAMETER "Delay" "Model" 1
UNIT_PARAMETER "Delay" "Time delay" 1
UNIT_PARAMETER "Delay" "Relative tolerance" 0
UNIT_PARAMETER "Delay" "Absolute tolerance" 0
KEEP_EXISTING_HOLDUPS_VALUES NO
HOLDUP_OVERALL "Inlet" "InputMaterial" 0 1 300 100000 10 2 300 100000 20 2 300 100000 40 3 300 100000 50 3 300 100000 60 1 300 100000
HOLDUP_PHASES "Inlet" "InputMaterial" 0 1 10 1 20 1 40 1 50 1 60 1
HOLDUP_COMPOUNDS "Inlet" "InputMaterial" SOLID 0 1 10 1 20 1 40 1 50 1 60 1
HOLDUP_DISTRIBUTION "Inlet" "InputMaterial" SIZE "Sand" MASS_FRACTION DIAMETER MANUAL 0 0 0 0 0 0 0 0 0 0 0 0 0 0 0 0 0 0 0 0 0 0 0 0 0 0 0 0 0 0 0 0 0 0 0 0 0 0 0 0 0 0 0 0 0 0 2.20315e-09 7.02791e-09 2.15395e-08 6.3427e-08 1.79449e-07 4.87792e-07 1.27397e-06 3.19675e-06 7.70704e-06 1.78523e-05 3.97311e-05 8.49561e-05 0.000174537 0.000344514 0.000653364 0.00119051 0.00208419 0.00350566 0.00566541 0.00879672 0.0131232 0.0188098 0.0259035 0.0342737 0.0435704 0.0532171 0.0624508 0.0704131 0.0762776 0.0793905 0.0793905 0.0762776 0.0704131 0.0624508 0.0532171 0.0435704 0.0342737 0.0259035 0.0188098 0.0131232 0.00879672 0.00566541 0.00350566 0.00208419 0.00119051 0.000653364 0.000344514 0.000174537 8.49561e-05 3.97311e-05 1.78523e-05 7.70704e-06 3.19675e-06 1.27397e-06 4.87792e-07 10 0 0 0 0 0 0 0 0 0 0 0 0 0 0 0 0 0 0 0 0 0 0 0 0 0 0 0 0 0 0 0 0 0 0 0 0 0 0 0 0 0 0 0 0 0 2.20315e-09 7.02791e-09 2.15395e-08 6.3427e-08 1.79449e-07 4.87792e-07 1.27397e-06 3.19675e-06 7.70704e-06 1.78523e-05 3.97311e-05 8.49561e-05 0.000174537 0.000344514 0.000653364 0.00119051 0.00208419 0.00350566 0.00566541 0.00879672 0.0131232 0.0188098 0.0259035 0.0342737 0.0435704 0.0532171 0.0624508 0.0704131 0.0762776 0.0793905 0.0793905 0.0762776 0.0704131 0.0624508 0.0532171 0.0435704 0.0342737 0.0259035 0.0188098 0.0131232 0.00879672 0.00566541 0.00350566 0.00208419 0.00119051 0.000653364 0.000344514 0.000174537 8.49561e-05 3.97311e-05 1.78523e-05 7.70704e-06 3.19675e-06 1.27397e-06 4.87792e-07 20 0 0 0 0 0 0 0 0 0 0 0 0 0 0 0 0 0 0 0 0 0 0 0 0 0 0 0 0 0 0 0 0 0 0 0 0 0 0 0 0 0 0 0 0 0 2.20315e-09 7.02791e-09 2.15395e-08 6.3427e-08 1.79449e-07 4.87792e-07 1.27397e-06 3.19675e-06 7.70704e-06 1.78523e-05 3.97311e-05 8.49561e-05 0.000174537 0.000344514 0.000653364 0.00119051 0.00208419 0.00350566 0.00566541 0.00879672 0.0131232 0.0188098 0.0259035 0.0342737 0.0435704 0.0532171 0.0624508 0.0704131 0.0762776 0.0793905 0.0793905 0.0762776 0.0704131 0.0624508 0.0532171 0.0435704 0.0342737 0.0259035 0.0188098 0.0131232 0.00879672 0.00566541 0.00350566 0.00208419 0.00119051 0.000653364 0.000344514 0.000174537 8.49561e-05 3.97311e-05 1.78523e-05 7.70704e-06 3.19675e-06 1.27397e-06 4.87792e-07 40 0 0 0 0 0 0 0 0 0 0 0 0 0 0 0 0 0 0 0 0 0 0 0 0 0 0 0 0 0 0 0 0 0 0 0 0 0 0 0 0 0 0 0 0 0 2.20315e-09 7.02791e-09 2.15395e-08 6.3427e-08 1.79449e-07 4.87792e-07 1.27397e-06 3.19675e-06 7.70704e-06 1.78523e-05 3.97311e-05 8.49561e-05 0.000174537 0.000344514 0.000653364 0.00119051 0.00208419 0.00350566 0.00566541 0.00879672 0.0131232 0.0188098 0.0259035 0.0342737 0.0435704 0.0532171 0.0624508 0.0704131 0.0762776 0.0793905 0.0793905 0.0762776 0.0704131 0.0624508 0.0532171 0.0435704 0.0342737 0.0259035 0.0188098 0.0131232 0.00879672 0.00566541 0.00350566 0.00208419 0.00119051 0.000653364 0.000344514 0.000174537 8.49561e-05 3.97311e-05 1.78523e-05 7.70704e-06 3.19675e-06 1.27397e-06 4.87792e-07 50 0 0 0 0 0 0 0 0 0 0 0 0 0 0 0 0 0 0 0 0 0 0 0 0 0 0 0 0 0 0 0 0 0 0 0 0 0 0 0 0 0 0 0 0 0 2.20315e-09 7.02791e-09 2.15395e-08 6.3427e-08 1.79449e-07 4.87792e-07 1.27397e-06 3.19675e-06 7.70704e-06 1.78523e-05 3.97311e-05 8.49561e-05 0.000174537 0.000344514 0.000653364 0.00119051 0.00208419 0.00350566 0.00566541 0.00879672 0.0131232 0.0188098 0.0259035 0.0342737 0.0435704 0.0532171 0.0624508 0.0704131 0.0762776 0.0793905 0.0793905 0.0762776 0.0704131 0.0624508 0.0532171 0.0435704 0.0342737 0.0259035 0.0188098 0.0131232 0.00879672 0.00566541 0.00350566 0.00208419 0.00119051 0.000653364 0.000344514 0.000174537 8.49561e-05 3.97311e-05 1.78523e-05 7.70704e-06 3.19675e-06 1.27397e-06 4.87792e-07 60 0 0 0 0 0 0 0 0 0 0 0 0 0 0 0 0 0 0 0 0 0 0 0 0 0 0 0 0 0 0 0 0 0 0 0 0 0 0 0 0 0 0 0 0 0 2.20315e-09 7.02791e-09 2.15395e-08 6.3427e-08 1.79449e-07 4.87792e-07 1.27397e-06 3.19675e-06 7.70704e-06 1.78523e-05 3.97311e-05 8.49561e-05 0.000174537 0.000344514 0.000653364 0.00119051 0.00208419 0.00350566 0.00566541 0.00879672 0.0131232 0.0188098 0.0259035 0.0342737 0.0435704 0.0532171 0.0624508 0.0704131 0.0762776 0.0793905 0.0793905 0.0762776 0.0704131 0.0624508 0.0532171 0.0435704 0.0342737 0.0259035 0.0188098 0.0131232 0.00879672 0.00566541 0.00350566 0.00208419 0.00119051 0.000653364 0.000344514 0.000174537 8.49561e-05 3.97311e-05 1.78523e-05 7.70704e-06 3.19675e-06 1.27397e-06 4.87792e-07
